lat	lon
14	-120
14	-119.5
14	-119
14	-118.5
14	-118
14	-117.5
14	-117
14	-116.5
14	-116
14	-115.5
14	-115
14	-114.5
14	-114
14	-113.5
14	-113
14	-112.5
14	-112
14	-111.5
14	-111
14	-110.5
14	-110
14	-109.5
14	-109
14	-108.5
14	-108
14	-107.5
14	-107
14	-106.5
14	-106
14	-105.5
14	-105
14	-104.5
14	-104
14	-103.5
14	-103
14	-102.5
14	-102
14	-101.5
14	-101
14	-100.5
14	-100
14	-99.5
14	-99
14	-98.5
14	-98
14	-97.5
14	-97
14	-96.5
14	-96
14	-95.5
14	-95
14	-94.5
14	-94
14	-93.5
14	-93
14	-92.5
14	-92
14	-91.5
14.5	-120
14.5	-119.5
14.5	-119
14.5	-118.5
14.5	-118
14.5	-117.5
14.5	-117
14.5	-116.5
14.5	-116
14.5	-115.5
14.5	-115
14.5	-114.5
14.5	-114
14.5	-113.5
14.5	-113
14.5	-112.5
14.5	-112
14.5	-111.5
14.5	-111
14.5	-110.5
14.5	-110
14.5	-109.5
14.5	-109
14.5	-108.5
14.5	-108
14.5	-107.5
14.5	-107
14.5	-106.5
14.5	-106
14.5	-105.5
14.5	-105
14.5	-104.5
14.5	-104
14.5	-103.5
14.5	-103
14.5	-102.5
14.5	-102
14.5	-101.5
14.5	-101
14.5	-100.5
14.5	-100
14.5	-99.5
14.5	-99
14.5	-98.5
14.5	-98
14.5	-97.5
14.5	-97
14.5	-96.5
14.5	-96
14.5	-95.5
14.5	-95
14.5	-94.5
14.5	-94
14.5	-93.5
14.5	-93
14.5	-92.5
15	-120
15	-119.5
15	-119
15	-118.5
15	-118
15	-117.5
15	-117
15	-116.5
15	-116
15	-115.5
15	-115
15	-114.5
15	-114
15	-113.5
15	-113
15	-112.5
15	-112
15	-111.5
15	-111
15	-110.5
15	-110
15	-109.5
15	-109
15	-108.5
15	-108
15	-107.5
15	-107
15	-106.5
15	-106
15	-105.5
15	-105
15	-104.5
15	-104
15	-103.5
15	-103
15	-102.5
15	-102
15	-101.5
15	-101
15	-100.5
15	-100
15	-99.5
15	-99
15	-98.5
15	-98
15	-97.5
15	-97
15	-96.5
15	-96
15	-95.5
15	-95
15	-94.5
15	-94
15	-93.5
15	-93
15.5	-120
15.5	-119.5
15.5	-119
15.5	-118.5
15.5	-118
15.5	-117.5
15.5	-117
15.5	-116.5
15.5	-116
15.5	-115.5
15.5	-115
15.5	-114.5
15.5	-114
15.5	-113.5
15.5	-113
15.5	-112.5
15.5	-112
15.5	-111.5
15.5	-111
15.5	-110.5
15.5	-110
15.5	-109.5
15.5	-109
15.5	-108.5
15.5	-108
15.5	-107.5
15.5	-107
15.5	-106.5
15.5	-106
15.5	-105.5
15.5	-105
15.5	-104.5
15.5	-104
15.5	-103.5
15.5	-103
15.5	-102.5
15.5	-102
15.5	-101.5
15.5	-101
15.5	-100.5
15.5	-100
15.5	-99.5
15.5	-99
15.5	-98.5
15.5	-98
15.5	-97.5
15.5	-97
15.5	-96.5
15.5	-96
15.5	-95.5
15.5	-95
15.5	-94.5
15.5	-94
15.5	-93.5
16	-120
16	-119.5
16	-119
16	-118.5
16	-118
16	-117.5
16	-117
16	-116.5
16	-116
16	-115.5
16	-115
16	-114.5
16	-114
16	-113.5
16	-113
16	-112.5
16	-112
16	-111.5
16	-111
16	-110.5
16	-110
16	-109.5
16	-109
16	-108.5
16	-108
16	-107.5
16	-107
16	-106.5
16	-106
16	-105.5
16	-105
16	-104.5
16	-104
16	-103.5
16	-103
16	-102.5
16	-102
16	-101.5
16	-101
16	-100.5
16	-100
16	-99.5
16	-99
16	-98.5
16	-98
16	-95
16	-94.5
16	-94
16	-88.5
16	-88
16	-87.5
16	-87
16	-86.5
16	-85.5
16.5	-120
16.5	-119.5
16.5	-119
16.5	-118.5
16.5	-118
16.5	-117.5
16.5	-117
16.5	-116.5
16.5	-116
16.5	-115.5
16.5	-115
16.5	-114.5
16.5	-114
16.5	-113.5
16.5	-113
16.5	-112.5
16.5	-112
16.5	-111.5
16.5	-111
16.5	-110.5
16.5	-110
16.5	-109.5
16.5	-109
16.5	-108.5
16.5	-108
16.5	-107.5
16.5	-107
16.5	-106.5
16.5	-106
16.5	-105.5
16.5	-105
16.5	-104.5
16.5	-104
16.5	-103.5
16.5	-103
16.5	-102.5
16.5	-102
16.5	-101.5
16.5	-101
16.5	-100.5
16.5	-100
16.5	-99.5
16.5	-99
16.5	-88
16.5	-87.5
16.5	-87
16.5	-86.5
16.5	-86
16.5	-85.5
16.5	-85
17	-120
17	-119.5
17	-119
17	-118.5
17	-118
17	-117.5
17	-117
17	-116.5
17	-116
17	-115.5
17	-115
17	-114.5
17	-114
17	-113.5
17	-113
17	-112.5
17	-112
17	-111.5
17	-111
17	-110.5
17	-110
17	-109.5
17	-109
17	-108.5
17	-108
17	-107.5
17	-107
17	-106.5
17	-106
17	-105.5
17	-105
17	-104.5
17	-104
17	-103.5
17	-103
17	-102.5
17	-102
17	-101.5
17	-101
17	-100.5
17	-88
17	-87.5
17	-87
17	-86.5
17	-86
17	-85.5
17	-85
17.5	-120
17.5	-119.5
17.5	-119
17.5	-118.5
17.5	-118
17.5	-117.5
17.5	-117
17.5	-116.5
17.5	-116
17.5	-115.5
17.5	-115
17.5	-114.5
17.5	-114
17.5	-113.5
17.5	-113
17.5	-112.5
17.5	-112
17.5	-111.5
17.5	-111
17.5	-110.5
17.5	-110
17.5	-109.5
17.5	-109
17.5	-108.5
17.5	-108
17.5	-107.5
17.5	-107
17.5	-106.5
17.5	-106
17.5	-105.5
17.5	-105
17.5	-104.5
17.5	-104
17.5	-103.5
17.5	-103
17.5	-102.5
17.5	-102
17.5	-101.5
17.5	-88
17.5	-87.5
17.5	-87
17.5	-86.5
17.5	-86
17.5	-85.5
17.5	-85
18	-120
18	-119.5
18	-119
18	-118.5
18	-118
18	-117.5
18	-117
18	-116.5
18	-116
18	-115.5
18	-115
18	-114.5
18	-114
18	-113.5
18	-113
18	-112.5
18	-112
18	-111.5
18	-111
18	-110.5
18	-110
18	-109.5
18	-109
18	-108.5
18	-108
18	-107.5
18	-107
18	-106.5
18	-106
18	-105.5
18	-105
18	-104.5
18	-104
18	-103.5
18	-103
18	-102.5
18	-87.5
18	-87
18	-86.5
18	-86
18	-85.5
18	-85
18.5	-120
18.5	-119.5
18.5	-119
18.5	-118.5
18.5	-118
18.5	-117.5
18.5	-117
18.5	-116.5
18.5	-116
18.5	-115.5
18.5	-115
18.5	-114.5
18.5	-114
18.5	-113.5
18.5	-113
18.5	-112.5
18.5	-112
18.5	-111.5
18.5	-111
18.5	-110.5
18.5	-110
18.5	-109.5
18.5	-109
18.5	-108.5
18.5	-108
18.5	-107.5
18.5	-107
18.5	-106.5
18.5	-106
18.5	-105.5
18.5	-105
18.5	-104.5
18.5	-104
18.5	-94.5
18.5	-94
18.5	-93.5
18.5	-87.5
18.5	-87
18.5	-86.5
18.5	-86
18.5	-85.5
18.5	-85
19	-120
19	-119.5
19	-119
19	-118.5
19	-118
19	-117.5
19	-117
19	-116.5
19	-116
19	-115.5
19	-115
19	-114.5
19	-114
19	-113.5
19	-113
19	-112.5
19	-112
19	-111.5
19	-111
19	-110.5
19	-110
19	-109.5
19	-109
19	-108.5
19	-108
19	-107.5
19	-107
19	-106.5
19	-106
19	-105.5
19	-105
19	-104.5
19	-95.5
19	-95
19	-94.5
19	-94
19	-93.5
19	-93
19	-92.5
19	-92
19	-91.5
19	-87.5
19	-87
19	-86.5
19	-86
19	-85.5
19	-85
19.5	-120
19.5	-119.5
19.5	-119
19.5	-118.5
19.5	-118
19.5	-117.5
19.5	-117
19.5	-116.5
19.5	-116
19.5	-115.5
19.5	-115
19.5	-114.5
19.5	-114
19.5	-113.5
19.5	-113
19.5	-112.5
19.5	-112
19.5	-111.5
19.5	-111
19.5	-110.5
19.5	-110
19.5	-109.5
19.5	-109
19.5	-108.5
19.5	-108
19.5	-107.5
19.5	-107
19.5	-106.5
19.5	-106
19.5	-105.5
19.5	-96
19.5	-95.5
19.5	-95
19.5	-94.5
19.5	-94
19.5	-93.5
19.5	-93
19.5	-92.5
19.5	-92
19.5	-91.5
19.5	-91
19.5	-87
19.5	-86.5
19.5	-86
19.5	-85.5
19.5	-85
20	-120
20	-119.5
20	-119
20	-118.5
20	-118
20	-117.5
20	-117
20	-116.5
20	-116
20	-115.5
20	-115
20	-114.5
20	-114
20	-113.5
20	-113
20	-112.5
20	-112
20	-111.5
20	-111
20	-110.5
20	-110
20	-109.5
20	-109
20	-108.5
20	-108
20	-107.5
20	-107
20	-106.5
20	-106
20	-105.5
20	-96.5
20	-96
20	-95.5
20	-95
20	-94.5
20	-94
20	-93.5
20	-93
20	-92.5
20	-92
20	-91.5
20	-91
20	-87
20	-86.5
20	-86
20	-85.5
20	-85
20.5	-120
20.5	-119.5
20.5	-119
20.5	-118.5
20.5	-118
20.5	-117.5
20.5	-117
20.5	-116.5
20.5	-116
20.5	-115.5
20.5	-115
20.5	-114.5
20.5	-114
20.5	-113.5
20.5	-113
20.5	-112.5
20.5	-112
20.5	-111.5
20.5	-111
20.5	-110.5
20.5	-110
20.5	-109.5
20.5	-109
20.5	-108.5
20.5	-108
20.5	-107.5
20.5	-107
20.5	-106.5
20.5	-106
20.5	-105.5
20.5	-96.5
20.5	-96
20.5	-95.5
20.5	-95
20.5	-94.5
20.5	-94
20.5	-93.5
20.5	-93
20.5	-92.5
20.5	-92
20.5	-91.5
20.5	-91
20.5	-87
20.5	-86.5
20.5	-86
20.5	-85.5
20.5	-85
21	-120
21	-119.5
21	-119
21	-118.5
21	-118
21	-117.5
21	-117
21	-116.5
21	-116
21	-115.5
21	-115
21	-114.5
21	-114
21	-113.5
21	-113
21	-112.5
21	-112
21	-111.5
21	-111
21	-110.5
21	-110
21	-109.5
21	-109
21	-108.5
21	-108
21	-107.5
21	-107
21	-106.5
21	-106
21	-105.5
21	-97
21	-96.5
21	-96
21	-95.5
21	-95
21	-94.5
21	-94
21	-93.5
21	-93
21	-92.5
21	-92
21	-91.5
21	-91
21	-90.5
21	-86.5
21	-86
21	-85.5
21	-85
21.5	-120
21.5	-119.5
21.5	-119
21.5	-118.5
21.5	-118
21.5	-117.5
21.5	-117
21.5	-116.5
21.5	-116
21.5	-115.5
21.5	-115
21.5	-114.5
21.5	-114
21.5	-113.5
21.5	-113
21.5	-112.5
21.5	-112
21.5	-111.5
21.5	-111
21.5	-110.5
21.5	-110
21.5	-109.5
21.5	-109
21.5	-108.5
21.5	-108
21.5	-107.5
21.5	-107
21.5	-106.5
21.5	-106
21.5	-105.5
21.5	-97.5
21.5	-97
21.5	-96.5
21.5	-96
21.5	-95.5
21.5	-95
21.5	-94.5
21.5	-94
21.5	-93.5
21.5	-93
21.5	-92.5
21.5	-92
21.5	-91.5
21.5	-91
21.5	-90.5
21.5	-90
21.5	-89.5
21.5	-89
21.5	-87.5
21.5	-86.5
21.5	-86
21.5	-85.5
21.5	-85
22	-120
22	-119.5
22	-119
22	-118.5
22	-118
22	-117.5
22	-117
22	-116.5
22	-116
22	-115.5
22	-115
22	-114.5
22	-114
22	-113.5
22	-113
22	-112.5
22	-112
22	-111.5
22	-111
22	-110.5
22	-110
22	-109.5
22	-109
22	-108.5
22	-108
22	-107.5
22	-107
22	-106.5
22	-106
22	-97.5
22	-97
22	-96.5
22	-96
22	-95.5
22	-95
22	-94.5
22	-94
22	-93.5
22	-93
22	-92.5
22	-92
22	-91.5
22	-91
22	-90.5
22	-90
22	-89.5
22	-89
22	-88.5
22	-88
22	-87.5
22	-87
22	-86.5
22	-86
22	-85.5
22	-85
22.5	-120
22.5	-119.5
22.5	-119
22.5	-118.5
22.5	-118
22.5	-117.5
22.5	-117
22.5	-116.5
22.5	-116
22.5	-115.5
22.5	-115
22.5	-114.5
22.5	-114
22.5	-113.5
22.5	-113
22.5	-112.5
22.5	-112
22.5	-111.5
22.5	-111
22.5	-110.5
22.5	-110
22.5	-109.5
22.5	-109
22.5	-108.5
22.5	-108
22.5	-107.5
22.5	-107
22.5	-106.5
22.5	-106
22.5	-97.5
22.5	-97
22.5	-96.5
22.5	-96
22.5	-95.5
22.5	-95
22.5	-94.5
22.5	-94
22.5	-93.5
22.5	-93
22.5	-92.5
22.5	-92
22.5	-91.5
22.5	-91
22.5	-90.5
22.5	-90
22.5	-89.5
22.5	-89
22.5	-88.5
22.5	-88
22.5	-87.5
22.5	-87
22.5	-86.5
22.5	-86
22.5	-85.5
22.5	-85
23	-120
23	-119.5
23	-119
23	-118.5
23	-118
23	-117.5
23	-117
23	-116.5
23	-116
23	-115.5
23	-115
23	-114.5
23	-114
23	-113.5
23	-113
23	-112.5
23	-112
23	-111.5
23	-111
23	-110.5
23	-109.5
23	-109
23	-108.5
23	-108
23	-107.5
23	-107
23	-106.5
23	-97.5
23	-97
23	-96.5
23	-96
23	-95.5
23	-95
23	-94.5
23	-94
23	-93.5
23	-93
23	-92.5
23	-92
23	-91.5
23	-91
23	-90.5
23	-90
23	-89.5
23	-89
23	-88.5
23	-88
23	-87.5
23	-87
23	-86.5
23	-86
23	-85.5
23	-85
23.5	-120
23.5	-119.5
23.5	-119
23.5	-118.5
23.5	-118
23.5	-117.5
23.5	-117
23.5	-116.5
23.5	-116
23.5	-115.5
23.5	-115
23.5	-114.5
23.5	-114
23.5	-113.5
23.5	-113
23.5	-112.5
23.5	-112
23.5	-111.5
23.5	-111
23.5	-110.5
23.5	-109
23.5	-108.5
23.5	-108
23.5	-107.5
23.5	-107
23.5	-97.5
23.5	-97
23.5	-96.5
23.5	-96
23.5	-95.5
23.5	-95
23.5	-94.5
23.5	-94
23.5	-93.5
23.5	-93
23.5	-92.5
23.5	-92
23.5	-91.5
23.5	-91
23.5	-90.5
23.5	-90
23.5	-89.5
23.5	-89
23.5	-88.5
23.5	-88
23.5	-87.5
23.5	-87
23.5	-86.5
23.5	-86
23.5	-85.5
23.5	-85
24	-120
24	-119.5
24	-119
24	-118.5
24	-118
24	-117.5
24	-117
24	-116.5
24	-116
24	-115.5
24	-115
24	-114.5
24	-114
24	-113.5
24	-113
24	-112.5
24	-112
24	-111.5
24	-111
24	-109.5
24	-109
24	-108.5
24	-108
24	-107.5
24	-97.5
24	-97
24	-96.5
24	-96
24	-95.5
24	-95
24	-94.5
24	-94
24	-93.5
24	-93
24	-92.5
24	-92
24	-91.5
24	-91
24	-90.5
24	-90
24	-89.5
24	-89
24	-88.5
24	-88
24	-87.5
24	-87
24	-86.5
24	-86
24	-85.5
24	-85
24.5	-120
24.5	-119.5
24.5	-119
24.5	-118.5
24.5	-118
24.5	-117.5
24.5	-117
24.5	-116.5
24.5	-116
24.5	-115.5
24.5	-115
24.5	-114.5
24.5	-114
24.5	-113.5
24.5	-113
24.5	-112.5
24.5	-112
24.5	-110.5
24.5	-110
24.5	-109.5
24.5	-109
24.5	-108.5
24.5	-108
24.5	-97.5
24.5	-97
24.5	-96.5
24.5	-96
24.5	-95.5
24.5	-95
24.5	-94.5
24.5	-94
24.5	-93.5
24.5	-93
24.5	-92.5
24.5	-92
24.5	-91.5
24.5	-91
24.5	-90.5
24.5	-90
24.5	-89.5
24.5	-89
24.5	-88.5
24.5	-88
24.5	-87.5
24.5	-87
24.5	-86.5
24.5	-86
24.5	-85.5
24.5	-85
25	-120
25	-119.5
25	-119
25	-118.5
25	-118
25	-117.5
25	-117
25	-116.5
25	-116
25	-115.5
25	-115
25	-114.5
25	-114
25	-113.5
25	-113
25	-112.5
25	-110.5
25	-110
25	-109.5
25	-109
25	-108.5
25	-97.5
25	-97
25	-96.5
25	-96
25	-95.5
25	-95
25	-94.5
25	-94
25	-93.5
25	-93
25	-92.5
25	-92
25	-91.5
25	-91
25	-90.5
25	-90
25	-89.5
25	-89
25	-88.5
25	-88
25	-87.5
25	-87
25	-86.5
25	-86
25	-85.5
25	-85
25.5	-120
25.5	-119.5
25.5	-119
25.5	-118.5
25.5	-118
25.5	-117.5
25.5	-117
25.5	-116.5
25.5	-116
25.5	-115.5
25.5	-115
25.5	-114.5
25.5	-114
25.5	-113.5
25.5	-113
25.5	-112.5
25.5	-111
25.5	-110.5
25.5	-110
25.5	-109.5
25.5	-97
25.5	-96.5
25.5	-96
25.5	-95.5
25.5	-95
25.5	-94.5
25.5	-94
25.5	-93.5
25.5	-93
25.5	-92.5
25.5	-92
25.5	-91.5
25.5	-91
25.5	-90.5
25.5	-90
25.5	-89.5
25.5	-89
25.5	-88.5
25.5	-88
25.5	-87.5
25.5	-87
25.5	-86.5
25.5	-86
25.5	-85.5
25.5	-85
26	-120
26	-119.5
26	-119
26	-118.5
26	-118
26	-117.5
26	-117
26	-116.5
26	-116
26	-115.5
26	-115
26	-114.5
26	-114
26	-113.5
26	-113
26	-112.5
26	-111
26	-110.5
26	-110
26	-109.5
26	-97
26	-96.5
26	-96
26	-95.5
26	-95
26	-94.5
26	-94
26	-93.5
26	-93
26	-92.5
26	-92
26	-91.5
26	-91
26	-90.5
26	-90
26	-89.5
26	-89
26	-88.5
26	-88
26	-87.5
26	-87
26	-86.5
26	-86
26	-85.5
26	-85
26.5	-120
26.5	-119.5
26.5	-119
26.5	-118.5
26.5	-118
26.5	-117.5
26.5	-117
26.5	-116.5
26.5	-116
26.5	-115.5
26.5	-115
26.5	-114.5
26.5	-114
26.5	-113.5
26.5	-113
26.5	-111
26.5	-110.5
26.5	-110
26.5	-109.5
26.5	-97
26.5	-96.5
26.5	-96
26.5	-95.5
26.5	-95
26.5	-94.5
26.5	-94
26.5	-93.5
26.5	-93
26.5	-92.5
26.5	-92
26.5	-91.5
26.5	-91
26.5	-90.5
26.5	-90
26.5	-89.5
26.5	-89
26.5	-88.5
26.5	-88
26.5	-87.5
26.5	-87
26.5	-86.5
26.5	-86
26.5	-85.5
26.5	-85
27	-120
27	-119.5
27	-119
27	-118.5
27	-118
27	-117.5
27	-117
27	-116.5
27	-116
27	-115.5
27	-115
27	-114.5
27	-111.5
27	-111
27	-110.5
27	-110
27	-97
27	-96.5
27	-96
27	-95.5
27	-95
27	-94.5
27	-94
27	-93.5
27	-93
27	-92.5
27	-92
27	-91.5
27	-91
27	-90.5
27	-90
27	-89.5
27	-89
27	-88.5
27	-88
27	-87.5
27	-87
27	-86.5
27	-86
27	-85.5
27	-85
27.5	-120
27.5	-119.5
27.5	-119
27.5	-118.5
27.5	-118
27.5	-117.5
27.5	-117
27.5	-116.5
27.5	-116
27.5	-115.5
27.5	-115
27.5	-112
27.5	-111.5
27.5	-111
27.5	-97
27.5	-96.5
27.5	-96
27.5	-95.5
27.5	-95
27.5	-94.5
27.5	-94
27.5	-93.5
27.5	-93
27.5	-92.5
27.5	-92
27.5	-91.5
27.5	-91
27.5	-90.5
27.5	-90
27.5	-89.5
27.5	-89
27.5	-88.5
27.5	-88
27.5	-87.5
27.5	-87
27.5	-86.5
27.5	-86
27.5	-85.5
27.5	-85
28	-120
28	-119.5
28	-119
28	-118.5
28	-118
28	-117.5
28	-117
28	-116.5
28	-116
28	-115.5
28	-115
28	-114.5
28	-112.5
28	-112
28	-111.5
28	-96.5
28	-96
28	-95.5
28	-95
28	-94.5
28	-94
28	-93.5
28	-93
28	-92.5
28	-92
28	-91.5
28	-91
28	-90.5
28	-90
28	-89.5
28	-89
28	-88.5
28	-88
28	-87.5
28	-87
28	-86.5
28	-86
28	-85.5
28	-85
28.5	-120
28.5	-119.5
28.5	-119
28.5	-118.5
28.5	-118
28.5	-117.5
28.5	-117
28.5	-116.5
28.5	-116
28.5	-115.5
28.5	-115
28.5	-114.5
28.5	-113
28.5	-112.5
28.5	-112
28.5	-96
28.5	-95.5
28.5	-95
28.5	-94.5
28.5	-94
28.5	-93.5
28.5	-93
28.5	-92.5
28.5	-92
28.5	-91.5
28.5	-91
28.5	-90.5
28.5	-90
28.5	-89.5
28.5	-89
28.5	-88.5
28.5	-88
28.5	-87.5
28.5	-87
28.5	-86.5
28.5	-86
28.5	-85.5
28.5	-85
29	-120
29	-119.5
29	-119
29	-118.5
29	-118
29	-117.5
29	-117
29	-116.5
29	-116
29	-115.5
29	-115
29	-113
29	-94.5
29	-94
29	-93.5
29	-93
29	-92.5
29	-92
29	-91.5
29	-91
29	-90.5
29	-90
29	-89.5
29	-89
29	-88.5
29	-88
29	-87.5
29	-87
29	-86.5
29	-86
29	-85.5
29	-85
29.5	-120
29.5	-119.5
29.5	-119
29.5	-118.5
29.5	-118
29.5	-117.5
29.5	-117
29.5	-116.5
29.5	-116
29.5	-115.5
29.5	-113
29.5	-112.5
29.5	-94
29.5	-93.5
29.5	-93
29.5	-92.5
29.5	-92
29.5	-89
29.5	-88.5
29.5	-88
29.5	-87.5
29.5	-87
29.5	-86.5
29.5	-86
29.5	-85.5
29.5	-85
30	-120
30	-119.5
30	-119
30	-118.5
30	-118
30	-117.5
30	-117
30	-116.5
30	-116
30	-114
30	-113.5
30	-113
30	-89
30	-88.5
30	-88
30	-87.5
30	-87
30	-86.5
30	-86
30.5	-120
30.5	-119.5
30.5	-119
30.5	-118.5
30.5	-118
30.5	-117.5
30.5	-117
30.5	-116.5
30.5	-114.5
30.5	-114
30.5	-113.5
30.5	-113
31	-120
31	-119.5
31	-119
31	-118.5
31	-118
31	-117.5
31	-117
31	-116.5
31	-114.5
31	-114
31	-113.5
31.5	-120
31.5	-119.5
31.5	-119
31.5	-118.5
31.5	-118
31.5	-117.5
31.5	-117
31.5	-114.5
32	-120
32	-119.5
32	-119
32	-118.5
32	-118
32	-117.5
32	-117
32.5	-120
32.5	-119.5
32.5	-119
32.5	-118.5
32.5	-118
32.5	-117.5
33	-120
33	-119.5
33	-119
33	-118.5
33	-118
33	-117.5

