lat	lon	s_PwaveMed	s_PwaveMin	s_PwaveMax	s_PwindMed	s_PwindMin	s_PwindMax
14.0	-120.0	-5.1349	-9.5269	-61.9881	0.9004	0.0016	-0.5233
14.0	-119.5	-5.6184	-8.3151	-82.5638	0.8817	0.0002	2.3221
14.0	-119.0	-5.9049	-3.3349	-87.1659	0.7379	-0.0033	3.9302
14.0	-118.5	-4.8364	-2.7628	-94.346	0.619	-0.0017	4.9973
14.0	-118.0	-4.9535	-3.9411	-104.5992	0.5527	0.0001	3.7643
14.0	-117.5	-5.9022	-2.7814	-114.6435	0.5183	0.0031	4.2696
14.0	-117.0	-4.6924	-4.5062	-120.4056	0.5539	-0.0004	5.0331
14.0	-116.5	-5.5062	-4.3524	-104.1942	0.5003	0.0	4.0595
14.0	-116.0	-8.6219	-5.0224	-86.585	0.4673	-0.0007	6.2716
14.0	-115.5	-9.2354	-5.5446	-61.4765	0.4424	0.0002	9.3794
14.0	-115.0	-10.9918	2.8246	-22.4441	0.3899	0.007	14.0235
14.0	-114.5	-12.6	6.3714	24.0179	0.3308	0.0014	15.1136
14.0	-114.0	-11.7794	7.5615	39.7774	0.2874	-0.0002	12.2269
14.0	-113.5	-14.8473	7.697	89.9836	0.1845	0.0	10.4096
14.0	-113.0	-15.4885	6.5517	122.1717	0.1282	-0.0015	9.3232
14.0	-112.5	-15.5055	-0.2665	158.5984	0.1141	-0.0002	7.3921
14.0	-112.0	-15.8976	-5.3514	120.9532	0.1264	0.0015	5.4667
14.0	-111.5	-16.2743	-2.6202	86.6658	0.128	0.0019	6.0826
14.0	-111.0	-17.2707	-3.811	106.7349	0.1003	0.0007	2.111
14.0	-110.5	-18.384	-2.3492	102.6618	0.0633	0.0004	-0.1466
14.0	-110.0	-18.0934	4.8504	76.7475	0.0212	-0.0003	-0.1691
14.0	-109.5	-21.5602	3.2034	66.9817	-0.0274	0.0002	0.9617
14.0	-109.0	-21.6225	2.477	37.9559	-0.0622	0.0	0.9792
14.0	-108.5	-20.9595	3.3976	42.7562	-0.0573	-0.0007	1.98
14.0	-108.0	-18.5905	8.5588	25.2018	-0.0696	-0.0002	2.6686
14.0	-107.5	-17.0434	8.2488	3.4565	-0.0578	0.0	4.4759
14.0	-107.0	-15.4943	6.0696	-83.4389	-0.0304	0.0	0.662
14.0	-106.5	-14.6307	3.6538	-109.0416	-0.0543	0.0	-5.8442
14.0	-106.0	-14.7208	-0.1356	-122.3088	-0.0739	0.0	-7.1636
14.0	-105.5	-16.4757	-6.2605	-54.5837	-0.0904	0.0	-11.2473
14.0	-105.0	-16.8937	-9.205	-68.9487	-0.0931	0.0	-14.0882
14.0	-104.5	-17.182	-11.1563	-95.7574	-0.0983	0.0	-13.9553
14.0	-104.0	-17.0661	-18.7304	-132.0795	-0.0743	0.0	-15.1095
14.0	-103.5	-18.2275	-17.397	-96.7832	-0.0467	0.0	-11.9124
14.0	-103.0	-16.0276	-20.5613	-55.6664	-0.04	0.0	-9.2565
14.0	-102.5	-13.0393	-27.1393	25.0564	-0.0331	0.0	-6.1493
14.0	-102.0	-9.274	-30.2102	68.342	-0.0281	0.0	-4.4005
14.0	-101.5	-5.1624	-30.0699	104.3858	-0.0101	0.0	0.0591
14.0	-101.0	-2.8207	-28.6997	98.8718	-0.0004	0.0	-4.3792
14.0	-100.5	-1.3254	-29.8436	132.2969	0.0094	0.0	-5.3564
14.0	-100.0	2.5607	-31.8035	102.4646	0.0135	0.0	-5.0964
14.0	-99.5	3.9545	-26.8139	88.8554	0.0181	0.0	-5.0566
14.0	-99.0	4.54	-20.879	100.6766	0.0164	0.0	-2.9142
14.0	-98.5	4.9995	-14.6676	89.8407	-0.0008	0.0	1.1008
14.0	-98.0	6.5564	-17.0243	-2.4965	-0.038	0.0	3.0162
14.0	-97.5	7.5801	-15.2263	90.7922	-0.0814	0.0	9.1112
14.0	-97.0	13.1805	-10.9138	437.8277	-0.1889	0.0	10.3361
14.0	-96.5	8.4135	-9.3201	576.9225	-0.4184	0.0	9.0684
14.0	-96.0	-1.2687	-6.3537	664.4127	-0.833	0.0	8.1503
14.0	-95.5	-9.3874	-8.2134	658.088	-1.3734	0.0	5.4195
14.0	-95.0	-0.6885	-6.8145	391.1492	-1.5592	0.0	3.9549
14.0	-94.5	7.5571	-5.3282	153.7253	-0.9025	0.0	1.6722
14.0	-94.0	13.8823	-10.9676	123.2409	-0.4451	0.0	3.791
14.0	-93.5	12.0755	-13.9774	84.9942	-0.159	0.0	2.2125
14.0	-93.0	13.3343	-9.5495	71.9318	-0.0583	0.0	-4.9685
14.0	-92.5	11.5708	-6.9242	110.3602	-0.0285	0.0	-6.5355
14.0	-92.0	12.3982	-4.811	132.8438	-0.0311	0.0	-3.0768
14.0	-91.5	10.1508	-3.1017	84.9701	-0.0178	0.0	-1.0275
14.5	-120.0	-1.4194	-8.1146	-43.9662	0.9829	-0.0003	1.7295
14.5	-119.5	-3.9198	-8.5544	-55.1662	0.9434	0.0002	3.5747
14.5	-119.0	-4.1663	-9.7887	-61.4703	0.8281	-0.0007	3.2638
14.5	-118.5	-2.0494	-3.2732	-69.2351	0.711	-0.0044	6.1106
14.5	-118.0	-3.75	-5.3099	-67.8039	0.6173	0.0025	10.2039
14.5	-117.5	-7.7949	-4.2482	-64.3931	0.6445	0.0065	10.0648
14.5	-117.0	-3.5894	-8.663	-75.6547	0.6403	0.0004	8.8521
14.5	-116.5	-5.1374	-9.9381	-82.4014	0.6001	0.0028	7.3025
14.5	-116.0	-7.6877	-9.3653	-56.2727	0.5398	-0.0008	8.6802
14.5	-115.5	-10.3074	-8.5729	-23.8674	0.4961	-0.0004	9.6889
14.5	-115.0	-13.894	0.4764	7.3865	0.4164	0.0029	10.2411
14.5	-114.5	-11.5049	6.3784	47.1287	0.3619	0.0051	13.129
14.5	-114.0	-9.994	5.7125	91.575	0.2817	0.0006	13.569
14.5	-113.5	-12.9956	5.7738	148.4266	0.2359	0.0007	8.7783
14.5	-113.0	-14.8881	-1.3684	179.3028	0.1791	-0.0005	5.4807
14.5	-112.5	-16.0415	-3.2767	186.9931	0.1419	-0.0008	5.264
14.5	-112.0	-16.7242	-8.4603	160.681	0.1477	0.0007	6.2184
14.5	-111.5	-17.4024	-7.0585	118.194	0.1209	0.0006	4.9139
14.5	-111.0	-18.0339	-5.3055	90.7038	0.0992	0.0019	0.9377
14.5	-110.5	-17.9247	-4.3604	52.654	0.0634	0.0003	0.056
14.5	-110.0	-17.9936	0.1745	7.2187	0.0197	0.0003	4.6316
14.5	-109.5	-19.3784	-0.1951	-31.5099	0.0338	0.0	2.5562
14.5	-109.0	-20.8867	-1.8822	-62.3902	0.01	0.0	0.4076
14.5	-108.5	-18.4117	7.2517	-102.3849	-0.013	0.0	-0.5734
14.5	-108.0	-16.6239	9.1446	-142.0773	0.0111	0.0002	-0.4696
14.5	-107.5	-13.8068	6.033	-120.6892	0.012	0.0	2.2442
14.5	-107.0	-12.4496	4.8404	-121.1199	0.0248	0.0	2.6839
14.5	-106.5	-11.2932	4.8444	-184.2605	-0.0014	0.0	-4.5109
14.5	-106.0	-11.6282	2.1364	-166.6089	-0.0146	0.0	-11.0445
14.5	-105.5	-12.4495	-4.3337	-159.1915	-0.0278	0.0	-16.4941
14.5	-105.0	-12.6687	-6.8188	-152.3644	-0.0433	0.0	-11.3704
14.5	-104.5	-12.5135	-9.065	-164.6157	-0.0359	0.0	-11.1163
14.5	-104.0	-10.7325	-19.5143	-180.7617	-0.0238	0.0	-13.8359
14.5	-103.5	-13.4892	-17.2224	-116.4602	-0.0114	0.0	-10.6933
14.5	-103.0	-11.9468	-20.6331	-94.1158	-0.0102	0.0	-11.7245
14.5	-102.5	-10.9136	-23.7062	2.0324	-0.0044	0.0	-7.2265
14.5	-102.0	-7.2863	-24.292	85.4731	0.0016	0.0	-5.028
14.5	-101.5	-3.2164	-28.1012	161.9068	0.0173	0.0	-7.759
14.5	-101.0	1.0971	-30.3374	130.3224	0.0248	0.0	-10.5994
14.5	-100.5	4.8984	-30.6424	123.4766	0.042	0.0	-12.5097
14.5	-100.0	7.7011	-30.1689	140.3514	0.0354	0.0	-10.6607
14.5	-99.5	7.4415	-26.394	170.4716	0.0331	0.0	-9.957
14.5	-99.0	8.655	-23.3731	175.0304	0.0253	0.0	-8.3361
14.5	-98.5	8.0142	-13.9452	162.6789	0.016	0.0	-6.0116
14.5	-98.0	7.2765	-12.9723	141.4802	0.0139	0.0	-4.3705
14.5	-97.5	10.8717	-14.4766	20.3903	-0.017	0.0	-0.0987
14.5	-97.0	9.078	-10.5509	139.6862	-0.0995	0.0	7.3803
14.5	-96.5	10.0362	-8.645	302.6315	-0.2674	0.0	8.9948
14.5	-96.0	5.8127	-5.1193	486.0825	-0.9979	0.0	10.4174
14.5	-95.5	-10.3996	-6.868	606.1315	-1.7709	0.0	7.4392
14.5	-95.0	-4.884	-8.5893	367.3081	-2.611	0.0	4.0784
14.5	-94.5	4.9544	-7.9918	107.4416	-1.5337	0.0	2.9686
14.5	-94.0	12.3162	-9.9473	29.764	-0.7431	0.0	2.3121
14.5	-93.5	13.4271	-10.1696	-57.3792	-0.189	0.0	-3.1221
14.5	-93.0	11.741	-7.0455	62.3872	-0.0352	0.0	-3.9168
14.5	-92.5	11.3888	-3.5382	129.46	-0.0087	0.0	-1.6551
15.0	-120.0	-6.2439	-9.8709	-56.7545	1.0526	-0.0002	0.6172
15.0	-119.5	-8.1113	-9.1789	-48.9	0.9416	0.0027	1.9752
15.0	-119.0	-4.6739	-10.0313	-46.4753	0.8441	-0.0014	5.7059
15.0	-118.5	-3.7583	-4.4638	-27.2138	0.8093	0.0028	8.476
15.0	-118.0	-5.3234	-2.8073	-16.1804	0.7752	0.0024	10.1355
15.0	-117.5	-6.3432	-10.5067	2.3755	0.757	0.0077	10.8472
15.0	-117.0	-7.9994	-8.719	9.2296	0.751	0.0074	13.2159
15.0	-116.5	-10.2551	-14.413	-14.8374	0.7087	0.0029	10.9095
15.0	-116.0	-13.2874	-13.303	-34.9853	0.6082	0.0013	11.6392
15.0	-115.5	-15.0632	-6.1656	-32.4189	0.5075	0.0011	8.344
15.0	-115.0	-15.212	-1.2876	-0.5556	0.4514	0.0027	9.1976
15.0	-114.5	-10.2765	-1.9732	64.0067	0.4143	0.0079	10.629
15.0	-114.0	-11.7732	-9.6076	124.2842	0.3532	-0.0003	9.473
15.0	-113.5	-13.9573	-9.4439	160.3538	0.266	0.0016	7.9662
15.0	-113.0	-15.0507	-7.808	170.7489	0.186	0.0038	3.6077
15.0	-112.5	-15.8397	-7.5922	175.1054	0.1508	0.0025	0.2691
15.0	-112.0	-15.9862	-5.5949	142.3553	0.1468	0.0017	3.1346
15.0	-111.5	-14.1408	-6.6579	115.2248	0.146	0.0005	4.6555
15.0	-111.0	-13.766	-8.4771	79.4736	0.117	0.001	2.21
15.0	-110.5	-13.8823	-8.4664	48.5449	0.0968	0.0001	2.8886
15.0	-110.0	-14.5443	-3.7614	-36.8551	0.1252	0.0002	5.975
15.0	-109.5	-16.2642	-4.6571	-117.6175	0.1168	0.0002	2.7654
15.0	-109.0	-17.854	1.6863	-176.9326	0.105	0.0	-0.5911
15.0	-108.5	-15.4144	-2.7567	-213.4679	0.066	0.0	-3.2151
15.0	-108.0	-13.3814	-3.4836	-260.683	0.0412	0.0	-2.5206
15.0	-107.5	-11.4691	-4.5381	-256.9561	0.0565	0.0	4.2761
15.0	-107.0	-10.0584	-2.5346	-196.7456	0.0682	0.0	2.1389
15.0	-106.5	-9.5601	-1.5354	-218.6387	0.0385	0.0	-4.8161
15.0	-106.0	-7.5563	-4.8249	-208.4941	0.0257	0.0	-11.3863
15.0	-105.5	-7.9281	-6.1153	-242.4165	0.0099	0.0	-10.7602
15.0	-105.0	-9.3436	-7.8256	-198.1252	0.015	0.0	-8.6535
15.0	-104.5	-6.4229	-17.0589	-226.7496	0.0095	0.0	-11.6497
15.0	-104.0	-6.0733	-18.8402	-210.9822	0.014	0.0	-13.1854
15.0	-103.5	-6.355	-20.2359	-153.5214	0.0158	0.0	-12.6197
15.0	-103.0	-6.4519	-16.2815	-115.9599	0.001	0.0	-12.7714
15.0	-102.5	-5.7074	-17.3516	-23.7907	0.0099	0.0	-11.1283
15.0	-102.0	-2.7656	-19.7507	50.7417	0.014	0.0	-3.8707
15.0	-101.5	1.0265	-20.6321	63.2171	0.0265	0.0	-5.8621
15.0	-101.0	6.4041	-21.2942	58.2238	0.0391	0.0	-6.9371
15.0	-100.5	10.5342	-21.3918	93.808	0.0488	0.0	-6.8599
15.0	-100.0	12.9272	-14.9093	144.6458	0.048	0.0	-6.8058
15.0	-99.5	12.452	-15.1862	119.4192	0.0458	0.0	-9.3745
15.0	-99.0	13.2675	-14.5613	135.9196	0.0363	0.0	-6.6403
15.0	-98.5	13.0819	-5.4221	134.6006	0.0247	0.0	-6.0896
15.0	-98.0	12.3897	-9.7655	162.1424	0.0159	0.0	-4.2876
15.0	-97.5	10.8865	-16.1278	165.1216	0.0041	0.0	-4.3315
15.0	-97.0	11.1858	-15.2066	142.6924	-0.003	0.0	-2.2441
15.0	-96.5	8.621	-11.076	-40.7369	-0.0861	0.0	2.4032
15.0	-96.0	8.2959	-8.629	93.7881	-0.6134	0.0	8.8419
15.0	-95.5	1.2329	-8.8331	539.4563	-2.1602	0.0003	10.048
15.0	-95.0	-4.6094	-13.5867	429.1623	-3.6633	0.0	3.8921
15.0	-94.5	5.3403	-10.304	126.6835	-2.2223	0.0	2.8268
15.0	-94.0	12.854	-10.4209	-85.5453	-1.0642	0.0	-1.4119
15.0	-93.5	11.8621	-7.5569	-153.8789	-0.1586	0.0	-7.9641
15.0	-93.0	8.8915	-3.7244	55.7752	-0.0201	0.0	-5.1392
15.5	-120.0	-8.2047	-9.1734	-70.7112	1.0068	0.0037	-3.7261
15.5	-119.5	-8.855	-9.235	-71.6803	0.9623	-0.0046	-1.5881
15.5	-119.0	-7.994	-10.4646	-30.769	0.9136	-0.0032	1.3509
15.5	-118.5	-4.9065	-9.2992	-10.9037	0.8434	-0.0019	7.3701
15.5	-118.0	-6.1545	-3.4078	19.0064	0.8211	0.0013	7.521
15.5	-117.5	-9.6427	-3.09	29.0671	0.7964	0.0038	8.8384
15.5	-117.0	-9.6296	-11.0683	28.3878	0.7811	0.0055	11.5308
15.5	-116.5	-12.558	-16.905	31.928	0.7397	0.0023	11.3646
15.5	-116.0	-15.4571	-8.5607	-11.5755	0.6167	0.0015	9.2187
15.5	-115.5	-14.0169	-5.1706	-30.4453	0.5288	0.0002	4.9702
15.5	-115.0	-12.7185	-2.4122	-13.7431	0.4638	0.0004	6.7296
15.5	-114.5	-11.177	-2.5507	61.603	0.4257	0.0019	7.6957
15.5	-114.0	-13.2134	-8.7094	149.1044	0.3875	0.0011	5.6069
15.5	-113.5	-13.9437	-12.6594	133.3634	0.2739	0.0051	2.0845
15.5	-113.0	-14.1407	-11.3455	162.3519	0.2271	0.0053	1.9306
15.5	-112.5	-14.5077	-5.1686	156.4365	0.1867	0.0041	-0.1307
15.5	-112.0	-12.3681	-3.8875	94.2928	0.1561	0.0021	1.2612
15.5	-111.5	-11.2403	-6.2557	64.7401	0.1427	0.0016	-0.1749
15.5	-111.0	-10.1984	-9.1159	30.4422	0.1419	0.0003	-0.0121
15.5	-110.5	-12.1779	-8.0486	-43.6665	0.1507	-0.0004	0.5346
15.5	-110.0	-12.942	-5.6285	-105.5972	0.1529	0.0	4.2034
15.5	-109.5	-12.6868	-6.0356	-117.4028	0.1549	0.0	4.6247
15.5	-109.0	-13.9729	-0.8878	-139.3201	0.1665	0.0	1.5289
15.5	-108.5	-14.7545	-3.2739	-228.5039	0.1288	0.0	0.744
15.5	-108.0	-11.7538	-5.1423	-330.5785	0.0952	0.0	-5.4735
15.5	-107.5	-11.2931	-5.5999	-328.8072	0.092	0.0	-1.1265
15.5	-107.0	-10.7652	-6.1442	-257.9565	0.0839	0.0	-3.9562
15.5	-106.5	-9.5507	-4.6941	-201.6582	0.0784	0.0	-9.2851
15.5	-106.0	-7.9285	-5.3004	-205.9144	0.0514	0.0	-13.35
15.5	-105.5	-7.0157	-6.5008	-169.4115	0.0314	0.0	-9.4039
15.5	-105.0	-5.927	-5.722	-212.882	0.0222	0.0	-11.8016
15.5	-104.5	-5.1085	-12.56	-228.7436	0.0025	0.0	-12.4511
15.5	-104.0	-4.0763	-14.0717	-197.265	0.0064	0.0	-14.0489
15.5	-103.5	-3.6819	-13.2307	-113.6529	-0.0008	0.0	-13.1006
15.5	-103.0	-2.6264	-11.5655	-85.0374	-0.0035	0.0	-9.0075
15.5	-102.5	0.7765	-14.3823	-26.2204	0.0046	0.0	-6.9223
15.5	-102.0	3.2204	-14.0148	68.4598	0.0163	0.0	-0.2591
15.5	-101.5	5.2073	-14.2721	63.4802	0.0352	0.0	-0.1162
15.5	-101.0	11.1892	-18.5882	116.4337	0.0467	0.0	-3.1804
15.5	-100.5	13.7635	-18.2184	95.7572	0.0512	0.0	-3.577
15.5	-100.0	14.8426	-6.0739	81.3732	0.0481	0.0	-0.4215
15.5	-99.5	15.6326	-2.1555	114.1454	0.0418	0.0	-5.008
15.5	-99.0	16.0733	-2.2401	108.0851	0.0302	0.0	-7.1425
15.5	-98.5	17.0339	-2.1245	110.446	0.0203	0.0	-8.0502
15.5	-98.0	15.7786	3.1272	90.6054	-0.0041	0.0	-7.5057
15.5	-97.5	15.3369	0.5789	123.4666	-0.0308	0.0	-6.5927
15.5	-97.0	13.4396	-4.2468	150.4985	-0.0398	0.0	-6.627
15.5	-96.5	13.2911	-7.4249	98.1003	0.0045	0.0	-7.5231
15.5	-96.0	7.0075	-9.1106	-24.2792	-0.1266	0.0	1.466
15.5	-95.5	9.7349	-13.1189	135.2518	-2.218	0.0	14.5379
15.5	-95.0	-0.4818	-20.0138	431.3932	-3.3339	0.0	8.0252
15.5	-94.5	15.8604	-14.4868	-3.5534	-2.2356	0.0	2.2005
15.5	-94.0	11.8169	-10.4356	-74.4936	-1.0541	0.0	-1.2085
15.5	-93.5	12.255	-5.42	4.4742	-0.0893	0.0	-10.2752
16.0	-120.0	-10.2417	-9.8439	-46.6134	1.0019	0.0078	-2.7598
16.0	-119.5	-9.7846	-9.5621	-34.9693	0.9026	-0.0018	-2.9229
16.0	-119.0	-9.8759	-9.1742	-10.0882	0.8787	-0.0002	-0.5194
16.0	-118.5	-5.3915	-9.1885	-10.363	0.8304	0.0007	2.8616
16.0	-118.0	-7.5283	-5.1093	25.8804	0.7961	0.0	4.0714
16.0	-117.5	-10.7563	-9.3373	59.6673	0.8009	0.0016	4.6217
16.0	-117.0	-11.6301	-9.4725	70.035	0.7045	0.0066	9.5236
16.0	-116.5	-10.8877	-9.0899	81.5886	0.7045	0.015	8.0961
16.0	-116.0	-12.4602	-9.5955	30.8024	0.6504	0.0168	8.1212
16.0	-115.5	-10.3801	-9.7678	11.7866	0.5286	0.0121	5.9652
16.0	-115.0	-11.8033	-5.0094	-5.8499	0.5103	0.0049	4.4472
16.0	-114.5	-11.413	-8.0896	55.6283	0.4616	0.0032	6.8982
16.0	-114.0	-13.7845	-7.8962	148.15	0.388	0.0051	1.4095
16.0	-113.5	-11.3532	-11.885	144.1757	0.3318	0.0053	2.0008
16.0	-113.0	-9.8242	-9.6148	146.5093	0.2693	0.0035	5.1283
16.0	-112.5	-9.2552	-8.1766	132.0235	0.232	0.0046	5.1823
16.0	-112.0	-7.6534	-6.053	80.3149	0.2133	0.0022	0.5694
16.0	-111.5	-7.685	-4.3469	16.4019	0.1864	0.0015	-2.0147
16.0	-111.0	-5.8495	-2.5572	18.7491	0.1737	0.0002	0.4473
16.0	-110.5	-6.0907	-5.8565	-113.6966	0.1629	0.0002	2.4825
16.0	-110.0	-7.6229	-4.1561	-55.3706	0.1584	0.0	8.8906
16.0	-109.5	-8.7242	-4.0482	48.7805	0.1603	-0.0003	5.8204
16.0	-109.0	-11.6866	-1.2474	-66.9144	0.167	0.0	1.238
16.0	-108.5	-12.7029	-2.3596	-162.1856	0.1492	0.0	-5.1547
16.0	-108.0	-11.3216	-0.8922	-221.5448	0.1206	0.0	-8.5972
16.0	-107.5	-10.2831	-5.7214	-305.9235	0.1142	0.0	-9.6894
16.0	-107.0	-10.139	-4.6218	-275.5058	0.0826	0.0	-11.5545
16.0	-106.5	-9.4934	-3.4927	-237.768	0.0819	0.0	-15.2453
16.0	-106.0	-6.3151	-2.9362	-222.3965	0.0777	0.0	-11.9753
16.0	-105.5	-2.4845	-3.8724	-176.3162	0.0619	0.0	-9.8713
16.0	-105.0	-2.1407	-2.9463	-127.2605	0.0282	0.0	-11.6314
16.0	-104.5	-2.0281	-9.7639	-249.7958	0.016	0.0	-11.1716
16.0	-104.0	-2.365	-7.9354	-170.2871	0.0163	0.0	-11.743
16.0	-103.5	0.5213	-9.9278	-59.2747	0.0042	0.0	-12.7593
16.0	-103.0	1.6142	-6.8753	-99.5354	0.0081	0.0	-11.6585
16.0	-102.5	4.6008	-9.7642	-108.5605	0.02	0.0	-0.5905
16.0	-102.0	8.4832	-11.1508	56.9485	0.0282	0.0	-2.9998
16.0	-101.5	10.4775	-12.2261	-42.0234	0.0429	0.0	-5.2915
16.0	-101.0	12.8649	-12.4029	45.3098	0.0497	0.0	-5.9129
16.0	-100.5	16.0056	-4.1331	69.3034	0.0512	0.0	-11.3337
16.0	-100.0	16.2744	-1.1997	20.7042	0.0439	0.0	-7.5073
16.0	-99.5	15.8941	-0.8573	105.9343	0.046	0.0	-4.1353
16.0	-99.0	17.3062	-3.0109	132.7977	0.0156	0.0	-4.0291
16.0	-98.5	18.5681	-1.5501	142.2731	0.0032	0.0	-6.6985
16.0	-98.0	17.8626	-2.1198	131.4571	-0.0176	0.0	-4.2565
16.0	-95.0	5.1226	-9.0712	218.6268	-2.1162	0.0	8.6046
16.0	-94.5	6.9384	-10.0022	-61.3209	-0.7828	0.0	3.0582
16.0	-94.0	11.5796	-3.2312	25.4961	-0.1659	0.0	2.5546
16.0	-88.5	0.914	0.7163	-71.0226	-0.0164	0.0	-9.4193
16.0	-88.0	0.321	0.8563	-57.8016	-0.0153	0.0	0.5301
16.0	-87.5	1.0921	1.1416	-37.546	0.0248	0.0	2.1218
16.0	-87.0	1.1269	1.2665	-8.7403	0.0792	0.0	3.5084
16.0	-86.5	0.1787	0.739	7.221	0.0928	0.0	0.6408
16.0	-85.5	1.6998	1.5939	-183.7916	0.0157	0.0	-0.1131
16.5	-120.0	-7.1771	0.9928	-32.9097	0.8949	-0.0	-0.2925
16.5	-119.5	-7.6501	-2.1394	-10.1235	0.8189	-0.0003	1.4418
16.5	-119.0	-8.8857	-4.9073	-11.0728	0.8145	0.0054	-1.2133
16.5	-118.5	-5.0713	-8.3434	-9.3113	0.7849	0.008	-0.1848
16.5	-118.0	-10.3039	-7.1557	8.0074	0.7582	0.0004	2.0887
16.5	-117.5	-10.266	-6.9642	21.8271	0.7115	0.0005	0.3208
16.5	-117.0	-12.4616	-11.4815	91.2774	0.6618	0.0016	5.8064
16.5	-116.5	-13.5872	-12.5973	88.5052	0.6522	-0.0003	7.4155
16.5	-116.0	-10.6309	-10.1665	80.9024	0.6431	0.0024	9.4381
16.5	-115.5	-10.4968	-13.0904	37.7385	0.6228	0.0109	4.9019
16.5	-115.0	-9.4385	-6.2637	-18.6952	0.5646	0.0083	1.0266
16.5	-114.5	-9.675	-9.3615	8.9301	0.5082	0.0073	4.2887
16.5	-114.0	-10.4388	-7.1966	120.256	0.474	0.0054	2.8609
16.5	-113.5	-11.2352	-10.9846	106.7638	0.4089	0.0016	2.548
16.5	-113.0	-7.393	-11.9913	74.1324	0.3521	0.003	6.1088
16.5	-112.5	-5.6074	-4.3576	97.9306	0.3287	0.0021	3.7043
16.5	-112.0	-4.719	-5.5548	2.5529	0.2945	0.0008	-1.2443
16.5	-111.5	-2.8	-0.5913	25.056	0.2717	0.0012	3.8023
16.5	-111.0	-1.9751	1.2401	108.3772	0.2363	0.0008	2.1242
16.5	-110.5	-0.7624	4.4262	112.7989	0.2118	-0.0003	6.4067
16.5	-110.0	-3.0773	-0.4684	202.7065	0.1972	0.0	9.5264
16.5	-109.5	-3.7915	-2.339	244.5218	0.1954	0.0	8.8043
16.5	-109.0	-7.088	-0.2443	103.2995	0.178	0.0	-2.86
16.5	-108.5	-7.6402	-3.1006	-82.0369	0.1831	0.0	-9.8264
16.5	-108.0	-8.1829	-1.6711	-170.0388	0.1647	0.0	-13.7985
16.5	-107.5	-8.3784	-5.9563	-245.657	0.1457	0.0	-16.5458
16.5	-107.0	-6.9187	-4.4401	-259.4099	0.1087	0.0	-16.6559
16.5	-106.5	-6.4678	-1.8231	-322.5271	0.0874	0.0	-19.6046
16.5	-106.0	-4.47	-0.9084	-233.5997	0.0915	0.0	-17.7673
16.5	-105.5	-0.5078	-1.0577	-221.9494	0.0806	0.0	-16.9292
16.5	-105.0	1.0524	-0.1411	-179.612	0.0516	0.0	-10.7329
16.5	-104.5	0.7797	-6.4254	-150.952	0.0389	0.0	-9.9188
16.5	-104.0	1.1332	-6.6496	-104.5292	0.0447	0.0	-9.84
16.5	-103.5	1.9931	-6.8943	-58.0202	0.0363	0.0	-8.6033
16.5	-103.0	4.7297	-7.9278	-61.7349	0.0356	0.0	-3.0536
16.5	-102.5	9.1408	-7.3167	17.3533	0.0412	0.0	3.2314
16.5	-102.0	11.7845	-9.5232	99.7083	0.0388	0.0	2.2217
16.5	-101.5	13.5431	-7.1947	156.6742	0.0343	0.0	-1.468
16.5	-101.0	15.1162	-2.2962	157.4522	0.039	0.0	-3.5089
16.5	-100.5	19.1846	1.1451	161.8468	0.0385	0.0	-3.501
16.5	-100.0	17.9578	-0.9685	137.395	0.0434	0.0	-3.132
16.5	-99.5	16.2392	-2.2128	139.3734	0.0117	0.0	-2.0438
16.5	-99.0	15.8225	-0.1843	135.5861	0.0013	0.0	-1.4953
16.5	-88.0	1.4929	1.7013	-183.1959	0.0198	0.0	-17.3669
16.5	-87.5	1.8892	2.4879	-175.5592	0.0672	0.0	-10.3715
16.5	-87.0	2.9672	2.2891	-150.4771	0.1559	0.0	-7.5643
16.5	-86.5	3.7782	2.7211	-172.4875	0.2203	0.0002	-3.6008
16.5	-86.0	5.8416	3.4916	-199.9543	0.1302	0.0	-1.7268
16.5	-85.5	6.7349	4.2215	-269.1961	0.129	0.0	-1.0878
16.5	-85.0	6.7687	4.2165	-322.941	0.1971	-0.0005	-2.7507
17.0	-120.0	-7.4942	1.9198	-2.1204	0.8749	-0.0007	0.8452
17.0	-119.5	-8.816	-0.0637	10.8919	0.77	-0.0004	3.8943
17.0	-119.0	-8.5935	-1.6401	37.4679	0.7113	0.0006	2.9358
17.0	-118.5	-6.7206	-2.4787	38.2891	0.731	0.0015	2.3946
17.0	-118.0	-8.8365	-3.6088	68.3507	0.703	0.0047	5.1834
17.0	-117.5	-10.61	-5.0049	80.7654	0.6215	0.0002	2.1069
17.0	-117.0	-11.6817	-9.4834	71.7138	0.628	-0.0031	1.3991
17.0	-116.5	-11.6479	-14.7963	51.9459	0.5812	-0.0011	2.6451
17.0	-116.0	-10.1677	-9.7681	64.3562	0.5365	0.0011	6.4984
17.0	-115.5	-7.1164	-15.2405	16.762	0.5713	0.0	4.2412
17.0	-115.0	-7.9377	-8.7466	-1.1258	0.5779	-0.0006	-2.933
17.0	-114.5	-8.4673	-7.2366	-9.9623	0.5498	-0.0003	-3.9643
17.0	-114.0	-8.8021	-11.966	40.2384	0.4735	-0.0013	-0.2514
17.0	-113.5	-9.924	-9.8202	17.5995	0.4376	-0.0002	1.6726
17.0	-113.0	-7.4681	-11.313	-75.5852	0.3928	0.0015	-0.4327
17.0	-112.5	-5.0307	-7.1924	-36.5953	0.3674	-0.0002	4.0188
17.0	-112.0	-3.6448	-4.2806	26.6081	0.3491	0.0011	5.7767
17.0	-111.5	-1.8853	3.3491	152.9324	0.3113	0.0015	8.079
17.0	-111.0	-0.1361	5.1409	246.7512	0.2648	0.0008	10.4061
17.0	-110.5	0.8793	8.4264	280.3965	0.2493	0.0	17.5662
17.0	-110.0	1.3463	0.1027	168.4331	0.258	0.0	12.7591
17.0	-109.5	0.8568	2.5493	168.831	0.2424	0.0002	9.334
17.0	-109.0	-2.041	-1.0948	65.8072	0.2441	0.0002	-1.0259
17.0	-108.5	-3.8523	-2.8864	-155.8541	0.2316	0.0	-20.0203
17.0	-108.0	-4.391	-2.3721	-316.2793	0.211	0.0	-22.635
17.0	-107.5	-5.4241	-5.6411	-301.3422	0.192	0.0	-21.0607
17.0	-107.0	-4.4436	-1.7384	-331.0789	0.1626	0.0	-24.9696
17.0	-106.5	-4.8321	1.4232	-296.959	0.1236	0.0	-24.6765
17.0	-106.0	-2.7734	1.8334	-216.605	0.1027	0.0	-20.5974
17.0	-105.5	0.1887	1.5542	-204.0692	0.1045	0.0	-16.6495
17.0	-105.0	3.5229	2.639	-249.2094	0.0956	0.0	-14.6532
17.0	-104.5	3.2353	-3.2321	-194.8334	0.0826	0.0	-10.3035
17.0	-104.0	1.385	-3.9663	-73.5178	0.0587	0.0	-8.4451
17.0	-103.5	6.8005	-5.7274	-70.0869	0.0535	0.0	-3.2596
17.0	-103.0	10.0704	-6.4025	-97.0402	0.0686	0.0	-2.7824
17.0	-102.5	12.0134	-7.886	-42.2914	0.0571	0.0	1.297
17.0	-102.0	15.1241	-0.2666	51.9759	0.0352	0.0	6.0764
17.0	-101.5	16.35	0.5611	142.0932	0.0257	0.0	5.3972
17.0	-101.0	18.2417	-0.2133	152.2204	0.037	0.0	4.9643
17.0	-100.5	18.9021	-1.6337	193.0473	0.0127	0.0	5.3217
17.0	-88.0	3.2153	1.7721	-190.7779	-0.0609	0.0	-14.7726
17.0	-87.5	6.2788	3.9381	-341.5444	0.0657	0.0003	-23.3544
17.0	-87.0	8.1384	4.4745	-390.5238	0.0859	0.0	-19.7862
17.0	-86.5	8.9372	4.8098	-392.1917	0.0965	0.0003	-20.6231
17.0	-86.0	9.179	4.5722	-377.2863	0.1648	0.0	-15.2439
17.0	-85.5	9.2805	4.8473	-369.4354	0.2895	0.0002	-10.7716
17.0	-85.0	9.134	4.9422	-375.1839	0.2743	-0.0003	-7.7871
17.5	-120.0	-8.3185	4.7053	72.4993	0.8536	0.0022	1.6061
17.5	-119.5	-6.1876	5.1469	85.0915	0.7955	-0.0018	6.2092
17.5	-119.0	-6.7683	3.4904	108.8988	0.7011	-0.0008	4.3246
17.5	-118.5	-7.1816	0.5272	148.5586	0.6364	0.0022	2.8785
17.5	-118.0	-11.215	-7.8278	158.7809	0.6021	0.001	2.2638
17.5	-117.5	-9.5363	-10.4229	136.8874	0.5867	-0.0002	0.3853
17.5	-117.0	-11.8739	-11.5383	75.1669	0.5579	-0.0005	0.1542
17.5	-116.5	-9.4511	-8.3529	33.7195	0.5531	0.002	1.6622
17.5	-116.0	-6.436	-2.412	9.2535	0.513	0.0024	4.244
17.5	-115.5	-7.1663	-2.3882	-35.6077	0.4606	0.0031	0.2648
17.5	-115.0	-8.3999	-5.5334	-23.5051	0.4896	0.0019	-3.4177
17.5	-114.5	-9.7849	-8.0753	-87.5072	0.5165	0.0026	-1.6605
17.5	-114.0	-8.3219	-6.9189	-61.8353	0.4745	-0.0034	-1.026
17.5	-113.5	-8.6389	-5.3401	-100.2673	0.456	0.0002	4.9288
17.5	-113.0	-6.8878	-3.1488	-62.9772	0.409	0.0005	4.2679
17.5	-112.5	-6.5367	2.2799	72.8528	0.377	0.0002	13.6095
17.5	-112.0	-4.3313	1.6212	182.3455	0.3609	0.0003	12.4762
17.5	-111.5	-3.2848	5.4822	373.1818	0.3387	0.0003	15.0359
17.5	-111.0	-0.6225	7.6778	361.5692	0.3021	0.0	13.6395
17.5	-110.5	3.2477	6.0171	235.7955	0.2678	0.0	16.3852
17.5	-110.0	4.1288	7.0843	144.4027	0.2778	0.0	13.0386
17.5	-109.5	3.1249	4.3995	117.4946	0.2885	0.0	8.7557
17.5	-109.0	1.8824	1.8338	62.987	0.3034	0.0	-1.6943
17.5	-108.5	0.0702	1.1167	-171.4812	0.285	0.0	-10.4947
17.5	-108.0	-3.0203	1.5127	-437.9553	0.2768	0.0	-12.9792
17.5	-107.5	-5.6915	2.7703	-443.9105	0.2415	0.0	-15.8866
17.5	-107.0	-3.9926	4.509	-485.9742	0.2061	0.0	-24.969
17.5	-106.5	-4.0971	4.5775	-389.4934	0.1681	0.0	-21.5826
17.5	-106.0	-2.9074	6.173	-266.7243	0.1233	0.0	-11.583
17.5	-105.5	-0.4524	6.1206	-245.5067	0.1127	0.0	-17.2875
17.5	-105.0	6.2809	4.7161	-282.4577	0.1177	0.0	-14.725
17.5	-104.5	4.8185	-0.0195	-240.2808	0.1039	0.0	-13.4969
17.5	-104.0	4.2184	-1.5101	-111.7651	0.0869	0.0	-8.8781
17.5	-103.5	12.5499	-5.1241	5.9449	0.0793	0.0	-7.5493
17.5	-103.0	14.6608	-5.1371	34.6026	0.0535	0.0	-3.6655
17.5	-102.5	16.1878	-3.5508	125.4056	0.0383	0.0	-5.3062
17.5	-102.0	20.5421	3.7151	181.8679	0.0131	0.0	-1.6023
17.5	-101.5	17.9899	-1.9636	165.1691	0.0015	0.0	-0.0823
17.5	-88.0	2.3846	1.7606	-256.3343	-0.0081	0.0001	-23.9259
17.5	-87.5	8.6726	4.3604	-643.2357	0.0614	0.0008	-29.8208
17.5	-87.0	9.9824	4.9476	-557.9373	0.0704	0.0003	-26.6312
17.5	-86.5	10.1746	5.0173	-512.2114	0.1387	0.0006	-28.4315
17.5	-86.0	11.0408	5.0518	-475.3823	0.1884	0.0003	-24.99
17.5	-85.5	10.8791	5.2072	-485.6744	0.1796	-0.0004	-21.1001
17.5	-85.0	10.5818	5.1192	-474.9181	0.1859	0.0003	-12.5107
18.0	-120.0	-7.33	4.933	208.2051	0.8275	0.0185	3.1952
18.0	-119.5	-8.5432	7.1166	179.6102	0.7575	0.0106	4.1961
18.0	-119.0	-8.383	6.2774	194.8203	0.6917	0.0092	3.0892
18.0	-118.5	-9.3849	3.6149	191.825	0.6232	-0.0021	0.328
18.0	-118.0	-11.4641	-3.2708	151.5892	0.5852	-0.0	1.4502
18.0	-117.5	-11.606	-5.6083	106.4033	0.5567	-0.0032	0.4883
18.0	-117.0	-11.9743	-5.5084	33.1506	0.5439	0.0011	-3.2619
18.0	-116.5	-10.0894	-5.4054	7.06	0.5487	-0.0001	8.8125
18.0	-116.0	-8.7794	-6.8492	13.3074	0.5023	0.0011	5.0275
18.0	-115.5	-11.2064	-1.8991	6.3357	0.4371	0.0019	-0.3268
18.0	-115.0	-10.0274	-4.3362	1.1554	0.4218	0.0039	-0.0177
18.0	-114.5	-6.3131	-1.6865	54.6491	0.4395	0.002	3.5865
18.0	-114.0	-7.5322	-5.8135	51.7804	0.4288	-0.0013	6.0972
18.0	-113.5	-8.4124	-5.3935	132.4893	0.4318	-0.0004	13.3456
18.0	-113.0	-8.0743	-6.1745	246.3449	0.404	0.0004	16.4927
18.0	-112.5	-7.0319	2.5493	410.6243	0.388	0.0004	24.319
18.0	-112.0	-3.2063	7.0303	494.7428	0.3703	0.0009	21.7826
18.0	-111.5	-1.2189	6.9628	502.6538	0.3454	0.0007	20.3407
18.0	-111.0	0.8576	7.4646	384.9317	0.3427	0.0007	12.917
18.0	-110.5	4.0404	7.3157	150.4116	0.341	0.0	6.0853
18.0	-110.0	5.3164	9.4016	-58.8944	0.3465	0.0	2.1355
18.0	-109.5	5.3039	5.8223	-4.3546	0.3324	0.0	9.4314
18.0	-109.0	3.4667	5.1798	92.219	0.3357	0.0002	6.3977
18.0	-108.5	2.5967	4.8955	-75.3269	0.3319	0.0	-1.0107
18.0	-108.0	0.3886	4.8959	-346.2794	0.3155	0.0	-5.4369
18.0	-107.5	-1.2907	5.5323	-314.3294	0.268	0.0	-8.9134
18.0	-107.0	-0.1086	6.7808	-476.1433	0.2392	0.0	-18.414
18.0	-106.5	-0.1471	7.8134	-482.0653	0.2198	0.0	-15.7828
18.0	-106.0	1.1922	8.3294	-398.6811	0.1669	0.0	-14.6631
18.0	-105.5	1.4696	7.8838	-246.9772	0.1457	0.0	-13.9998
18.0	-105.0	5.1581	5.1293	-122.3213	0.1452	0.0	-8.0203
18.0	-104.5	6.9506	0.3676	-130.5806	0.1109	0.0	-13.1858
18.0	-104.0	8.9654	0.7917	64.0519	0.0743	0.0	-7.4645
18.0	-103.5	12.6021	-5.4396	88.6301	0.0686	0.0	-0.6837
18.0	-103.0	17.1003	2.0585	58.8557	0.0176	0.0	1.0822
18.0	-102.5	15.6226	1.9065	85.2735	0.0045	0.0	2.2372
18.0	-87.5	10.2028	4.1092	-1214.4961	0.0831	0.0003	-30.4344
18.0	-87.0	10.7876	5.2259	-978.2673	0.0836	0.0005	-30.8908
18.0	-86.5	10.8537	5.0571	-747.1205	0.1392	0.0003	-32.1783
18.0	-86.0	10.797	5.0983	-620.0558	0.167	-0.0002	-32.4527
18.0	-85.5	10.6212	4.7979	-571.7744	0.1883	0.0006	-27.5384
18.0	-85.0	10.2939	4.748	-568.7756	0.1584	0.0007	-20.2499
18.5	-120.0	-10.9538	5.1165	248.9772	0.65	0.009	1.7481
18.5	-119.5	-10.1919	6.1959	198.8299	0.6795	0.007	2.6683
18.5	-119.0	-11.1735	7.8431	219.4233	0.624	0.0142	0.5788
18.5	-118.5	-11.9112	6.8293	211.6882	0.5767	0.0088	1.6352
18.5	-118.0	-10.4376	-4.4124	160.2292	0.5465	0.0042	0.4143
18.5	-117.5	-11.4703	-3.0475	48.8401	0.541	-0.0015	3.5406
18.5	-117.0	-12.53	-3.1079	26.9048	0.5496	-0.0007	-1.0074
18.5	-116.5	-12.2874	-4.6157	60.6273	0.5334	0.0007	6.246
18.5	-116.0	-11.3455	1.1957	154.0152	0.5191	-0.0006	6.5264
18.5	-115.5	-10.5538	-2.0651	175.9004	0.4335	-0.0012	8.4328
18.5	-115.0	-5.2258	4.6785	190.0814	0.4075	0.0014	12.296
18.5	-114.5	-9.9958	-4.2413	317.3049	0.4064	0.0015	20.7234
18.5	-114.0	-10.6501	-9.8716	389.8088	0.4123	-0.0001	14.5969
18.5	-113.5	-10.5016	-10.1793	476.6052	0.4085	0.0009	20.3959
18.5	-113.0	-9.3234	-3.1422	569.582	0.4069	0.001	27.0593
18.5	-112.5	-4.9358	4.5664	554.225	0.3946	0.0	26.6726
18.5	-112.0	-2.48	5.5711	512.6137	0.407	0.0002	20.1081
18.5	-111.5	-1.4989	5.9191	488.7434	0.3957	0.0002	17.0723
18.5	-111.0	3.3737	6.496	326.5523	0.4075	0.0002	11.6351
18.5	-110.5	5.8477	6.084	173.9689	0.4015	-0.0003	4.2502
18.5	-110.0	4.5734	6.6116	-14.0624	0.3909	-0.0005	2.7393
18.5	-109.5	3.6987	5.7535	164.4886	0.3684	0.0	3.2191
18.5	-109.0	2.7881	8.5734	382.6317	0.3744	0.0	4.5979
18.5	-108.5	3.2914	8.7639	94.0069	0.3772	0.0	-5.2624
18.5	-108.0	2.0382	7.8747	-283.1298	0.3517	0.0	-6.9701
18.5	-107.5	2.0303	7.9906	-319.8082	0.304	0.0	-7.1267
18.5	-107.0	3.163	5.2489	-412.6932	0.2643	0.0	-11.9355
18.5	-106.5	3.8438	7.3908	-501.2247	0.2457	0.0	-10.2443
18.5	-106.0	5.3302	9.3792	-402.7714	0.2216	0.0	-12.4513
18.5	-105.5	5.4618	7.2	-275.906	0.198	0.0	-11.8688
18.5	-105.0	8.9446	5.1423	-130.1636	0.1342	0.0	-9.6731
18.5	-104.5	9.0308	1.208	-74.3134	0.08	0.0	-11.4909
18.5	-104.0	12.5501	-1.9597	12.1375	0.0377	0.0	-4.5135
18.5	-94.5	5.2751	0.0828	-364.2242	-0.1314	0.0	-5.3079
18.5	-94.0	3.9843	-0.2294	-405.8657	-0.1096	0.0	-4.9953
18.5	-93.5	2.3908	-0.0356	-143.2561	-0.048	0.0	1.9813
18.5	-87.5	9.9825	3.6696	-749.5499	0.0764	-0.0003	-22.4713
18.5	-87.0	11.5641	4.7137	-1271.3071	0.0483	0.0004	-25.5666
18.5	-86.5	11.3	4.7524	-1211.5988	0.084	0.0038	-27.7904
18.5	-86.0	10.8126	4.7319	-963.6098	0.096	0.0005	-29.5824
18.5	-85.5	9.9055	4.3905	-814.2656	0.1366	0.0007	-28.7727
18.5	-85.0	9.2944	5.0705	-637.6772	0.1052	0.0023	-27.262
19.0	-120.0	-15.4203	2.8289	96.7998	0.5363	0.0094	-4.8623
19.0	-119.5	-13.186	3.8482	93.7005	0.5471	0.0097	-2.2924
19.0	-119.0	-10.6904	2.1382	118.0584	0.5722	0.0123	0.7467
19.0	-118.5	-11.7784	-0.6387	173.9135	0.5606	0.007	0.6026
19.0	-118.0	-11.4157	3.9054	219.1313	0.5206	0.0079	-0.8524
19.0	-117.5	-10.9727	4.2505	171.4892	0.4705	0.003	1.413
19.0	-117.0	-14.1858	3.9863	93.0253	0.4752	0.0013	2.1233
19.0	-116.5	-14.4742	4.4581	272.7466	0.4639	-0.0006	8.5242
19.0	-116.0	-14.2168	2.5546	334.077	0.4378	0.0004	12.4307
19.0	-115.5	-11.8266	4.7008	362.1967	0.4227	0.0008	12.8903
19.0	-115.0	-9.5213	-3.0214	426.5618	0.4254	0.0021	18.9537
19.0	-114.5	-10.698	-5.7582	470.5259	0.425	0.0005	23.1913
19.0	-114.0	-10.6299	-4.6782	546.3242	0.4146	0.0002	23.9256
19.0	-113.5	-9.0496	-3.4626	569.9176	0.4033	0.0006	27.1258
19.0	-113.0	-6.6498	-1.6352	501.9339	0.4359	0.0002	27.4216
19.0	-112.5	-3.0097	-1.7845	419.7033	0.445	0.0	22.4904
19.0	-112.0	-0.6695	5.4256	380.7576	0.4099	0.0	15.1248
19.0	-111.5	0.091	5.325	347.0306	0.3927	0.0	12.9472
19.0	-111.0	-3.4304	4.0614	248.1513	0.3994	0.0	8.0386
19.0	-110.5	-2.7641	3.7875	114.2907	0.3781	0.0	3.5945
19.0	-110.0	-0.4199	4.592	66.1253	0.3918	0.0	-1.4574
19.0	-109.5	0.5117	6.1678	388.2581	0.3749	0.0	13.6646
19.0	-109.0	1.7594	9.1202	486.3299	0.4	0.0	11.0749
19.0	-108.5	3.5237	8.8509	280.9358	0.4031	0.0	1.7179
19.0	-108.0	4.9858	8.7135	-63.0441	0.3734	0.0	-4.7329
19.0	-107.5	5.8875	7.1488	-320.2911	0.3302	0.0	-8.6162
19.0	-107.0	6.688	2.8962	-383.6692	0.3433	0.0	-8.6331
19.0	-106.5	8.7252	5.8135	-395.0791	0.3467	0.0	-6.5409
19.0	-106.0	11.2284	6.9441	-352.7878	0.3171	0.0	-5.9959
19.0	-105.5	9.0124	6.5109	-235.6376	0.1948	0.0	-13.8132
19.0	-105.0	12.782	3.4274	-13.6985	0.133	0.0	-12.3449
19.0	-104.5	12.4904	0.0697	31.0838	0.0306	0.0	-3.3575
19.0	-95.5	6.9584	-0.2021	-475.1083	-0.1643	0.0	-4.577
19.0	-95.0	7.3485	-0.2112	-738.9844	-0.2045	0.0	-15.4953
19.0	-94.5	7.201	-0.356	-577.657	-0.1307	0.0	-10.8652
19.0	-94.0	6.8897	0.0273	-503.9323	-0.0715	0.0	-4.4165
19.0	-93.5	6.3115	-0.0839	-266.6907	-0.0494	0.0001	5.2378
19.0	-93.0	3.8924	-0.3795	-68.1389	-0.0457	0.0005	5.0081
19.0	-92.5	0.8233	-0.3477	35.5037	0.0143	0.0	7.9105
19.0	-92.0	1.3063	-0.4137	212.7792	0.0093	0.0	8.6116
19.0	-91.5	0.2116	-0.1287	129.629	0.062	0.0	7.2654
19.0	-87.5	8.5236	2.9303	-465.4399	0.0583	0.0014	-10.6449
19.0	-87.0	11.108	4.1559	-1055.0871	0.0366	0.0062	-14.6945
19.0	-86.5	11.0117	4.2206	-1283.311	0.0869	0.0078	-21.9662
19.0	-86.0	11.1285	4.0735	-1388.6235	0.0687	0.001	-24.2562
19.0	-85.5	9.5766	4.0981	-1386.4899	0.0678	0.0012	-30.6707
19.0	-85.0	9.1987	3.9734	-1235.3734	0.0604	0.0025	-29.3082
19.5	-120.0	-17.1711	-0.2553	28.3691	0.4737	0.0075	-3.0184
19.5	-119.5	-14.7749	0.596	32.5525	0.4675	0.0086	-2.6289
19.5	-119.0	-12.5935	-1.0468	72.5723	0.4691	0.007	0.0456
19.5	-118.5	-11.5914	-1.1836	135.4301	0.4615	0.0058	1.1166
19.5	-118.0	-11.5387	3.3525	193.9017	0.4843	0.0031	0.7129
19.5	-117.5	-12.8362	6.9061	89.6609	0.4429	0.0047	2.2836
19.5	-117.0	-13.3817	4.7772	183.7263	0.4204	0.0052	5.8788
19.5	-116.5	-14.2387	2.6977	371.9026	0.3836	0.0066	16.7849
19.5	-116.0	-13.3936	10.2861	420.5184	0.3894	0.0031	22.0417
19.5	-115.5	-12.1201	8.2314	404.3159	0.4017	0.0003	17.8072
19.5	-115.0	-11.324	4.3322	433.4004	0.3768	0.0007	25.538
19.5	-114.5	-12.5379	-3.4431	388.2198	0.3683	0.0006	29.154
19.5	-114.0	-12.8307	-2.1453	389.5337	0.3686	0.0008	25.7244
19.5	-113.5	-8.9558	-1.6246	369.3488	0.3867	-0.0002	21.1861
19.5	-113.0	-6.8388	-2.9876	320.4006	0.3954	0.0	23.7058
19.5	-112.5	-3.3613	-2.7024	323.4014	0.4058	0.0	21.75
19.5	-112.0	-0.8891	-2.6005	283.3963	0.4185	0.0	14.8672
19.5	-111.5	0.2384	3.448	252.9542	0.405	0.0	10.6186
19.5	-111.0	-4.7985	-2.791	275.6211	0.3919	0.0	4.2839
19.5	-110.5	-3.7541	-3.4045	232.1269	0.3783	0.0002	0.9055
19.5	-110.0	-1.5038	2.1002	317.5923	0.3916	0.0	8.3574
19.5	-109.5	1.0174	5.5968	554.3413	0.3873	0.0	12.2856
19.5	-109.0	3.2066	6.7062	480.7513	0.4166	0.0	14.491
19.5	-108.5	5.4496	10.5992	309.8072	0.4113	0.0	5.4731
19.5	-108.0	7.7665	8.1495	29.1218	0.3847	0.0	-7.1012
19.5	-107.5	8.9752	5.1383	-243.3484	0.3448	0.0	-8.6816
19.5	-107.0	10.1957	4.3736	-286.5039	0.3702	0.0	-6.2298
19.5	-106.5	12.3078	5.1326	-281.0326	0.3654	0.0	-6.7964
19.5	-106.0	13.2933	6.3571	-328.9156	0.384	0.0	-9.3855
19.5	-105.5	11.1904	4.8957	-196.3652	0.1666	0.0	-13.7648
19.5	-96.0	8.9496	0.8055	-259.4601	-0.2774	0.0	4.0791
19.5	-95.5	8.5011	-0.2915	-650.176	-0.2763	0.0	-10.985
19.5	-95.0	8.3995	-0.3796	-634.3732	-0.1129	-0.001	-12.3845
19.5	-94.5	8.4839	-0.1083	-514.8014	-0.0408	-0.0002	-4.7684
19.5	-94.0	7.664	-0.2845	-379.9612	-0.0503	0.0	-2.2591
19.5	-93.5	7.9671	-0.1776	-192.6617	-0.0605	0.0002	0.2997
19.5	-93.0	7.0503	-0.0425	-67.4324	-0.0193	-0.0002	6.4662
19.5	-92.5	4.5179	-0.4719	80.5383	0.0149	-0.0001	4.1231
19.5	-92.0	1.5068	-0.449	222.9283	0.0869	0.0	7.0547
19.5	-91.5	0.3541	-0.3263	120.6552	0.1355	0.0	8.9476
19.5	-91.0	0.1697	-0.1249	33.8837	0.0912	0.0	8.7753
19.5	-87.0	10.714	3.3785	-729.2775	-0.0108	0.0042	-5.0284
19.5	-86.5	10.9007	3.1933	-888.2748	0.077	0.0021	-10.5355
19.5	-86.0	10.2712	3.084	-1068.0907	0.0654	0.0034	-15.2857
19.5	-85.5	9.8226	2.7189	-1252.4228	0.044	0.0016	-14.3474
19.5	-85.0	9.0689	3.268	-1437.1616	0.0322	0.001	-19.5854
20.0	-120.0	-16.3411	0.0598	36.2156	0.4437	0.0054	1.403
20.0	-119.5	-14.5832	-1.9085	46.3643	0.4021	0.0074	3.0707
20.0	-119.0	-13.0395	-0.2428	83.7437	0.3908	0.0022	2.1463
20.0	-118.5	-11.7944	0.3554	127.0696	0.4046	0.002	2.0374
20.0	-118.0	-12.0665	0.5871	162.2817	0.4107	0.0019	0.8073
20.0	-117.5	-11.1179	0.2461	250.5505	0.3846	0.0024	1.7461
20.0	-117.0	-14.0322	1.8436	236.6986	0.378	0.006	7.2509
20.0	-116.5	-13.9034	-1.8553	431.687	0.3387	0.0051	15.8945
20.0	-116.0	-12.843	-1.978	539.9781	0.3533	0.0032	23.8024
20.0	-115.5	-10.7188	10.1749	462.5523	0.3448	-0.0008	21.1829
20.0	-115.0	-12.7312	7.2953	653.3183	0.3224	0.0005	35.0328
20.0	-114.5	-14.3049	5.4255	453.3177	0.31	0.0002	28.2899
20.0	-114.0	-13.1595	6.9496	238.0846	0.3175	0.0002	23.9527
20.0	-113.5	-9.8244	-1.2864	199.2336	0.3351	-0.0001	16.1368
20.0	-113.0	-8.7076	0.9699	306.5653	0.3698	0.0002	24.4942
20.0	-112.5	-5.0855	-0.4752	335.1543	0.3648	0.0	23.7578
20.0	-112.0	-2.5292	-3.1924	283.6014	0.3793	0.0	16.8187
20.0	-111.5	-1.1825	-2.9602	267.1396	0.3892	0.0	10.2106
20.0	-111.0	-3.2999	-5.5186	260.2143	0.3887	0.0	2.8944
20.0	-110.5	-2.9427	-2.5271	354.5125	0.3981	0.0	2.8522
20.0	-110.0	-0.5981	-6.98	526.8916	0.4049	0.0	16.3635
20.0	-109.5	3.0516	-2.833	646.15	0.4032	0.0	11.3414
20.0	-109.0	6.3109	-3.5333	476.9818	0.4079	0.0	10.6713
20.0	-108.5	8.1069	-0.6132	346.3246	0.4099	0.0	4.9265
20.0	-108.0	7.3628	4.2593	67.2415	0.3898	0.0	-7.8605
20.0	-107.5	10.8712	3.3893	-143.5026	0.3495	0.0	-5.3437
20.0	-107.0	11.9494	2.081	-254.2523	0.3295	0.0	-9.5491
20.0	-106.5	15.3036	9.0147	-232.7051	0.3502	0.0	-9.2399
20.0	-106.0	19.4133	9.2935	-273.6641	0.4421	0.0	-8.7284
20.0	-105.5	14.0652	-1.0231	-83.7401	0.0297	0.0	-2.56
20.0	-96.5	11.701	1.1169	-217.1984	-0.091	0.0	-4.056
20.0	-96.0	10.4266	1.0726	-533.6226	-0.3214	0.0	-10.3592
20.0	-95.5	10.268	-0.0599	-573.138	-0.2558	0.0	-6.3045
20.0	-95.0	9.4189	-0.29	-318.9457	-0.0132	0.0007	-7.1215
20.0	-94.5	10.0469	-0.5041	-349.4464	-0.0036	0.0	-5.6315
20.0	-94.0	10.2711	-0.3339	-215.0831	-0.0506	0.0003	-0.0337
20.0	-93.5	9.7668	-0.458	-130.6984	-0.0443	-0.0003	-1.8987
20.0	-93.0	9.0889	-0.5692	-57.692	-0.0655	-0.0002	-0.5141
20.0	-92.5	6.8309	-0.1705	41.609	-0.0028	-0.0004	3.6676
20.0	-92.0	3.3976	-0.3078	166.5462	0.088	0.0001	5.535
20.0	-91.5	0.7261	0.0418	84.7573	0.0968	0.0	8.472
20.0	-91.0	-0.0104	-0.0643	78.1472	0.0813	0.0	9.6629
20.0	-87.0	10.717	2.1809	-499.8312	-0.0956	0.0001	-3.0452
20.0	-86.5	11.6152	2.404	-607.8306	-0.0029	0.0001	-3.8325
20.0	-86.0	10.4345	2.2117	-733.6128	0.0127	0.0014	-7.0567
20.0	-85.5	9.0359	1.9147	-801.5213	-0.0019	-0.0001	-7.9418
20.0	-85.0	8.6647	1.9962	-871.3852	0.0498	0.0009	-6.1427
20.5	-120.0	-18.1416	-0.2258	66.9104	0.3901	0.0068	5.7999
20.5	-119.5	-16.4973	1.199	44.003	0.3879	0.0044	6.834
20.5	-119.0	-16.2629	-0.7141	85.216	0.3831	0.0021	5.6243
20.5	-118.5	-15.7205	-1.4738	138.8189	0.3766	0.0005	2.7407
20.5	-118.0	-12.3018	-2.3245	149.367	0.3705	0.0009	3.6086
20.5	-117.5	-12.0372	0.3325	196.8663	0.3568	-0.0012	6.7103
20.5	-117.0	-12.4917	-0.1371	257.797	0.3266	-0.0007	12.8624
20.5	-116.5	-13.2077	-0.0242	449.8291	0.3197	0.0036	15.933
20.5	-116.0	-11.5949	8.5064	600.1532	0.302	0.0035	24.8737
20.5	-115.5	-10.6863	8.6117	631.3901	0.2961	0.0026	27.1871
20.5	-115.0	-11.1214	6.9766	620.5904	0.301	0.0007	35.9718
20.5	-114.5	-12.7463	9.941	421.3308	0.2822	0.0003	27.0668
20.5	-114.0	-13.3224	11.349	196.2987	0.293	0.0	16.3673
20.5	-113.5	-11.7873	11.1406	102.7311	0.2808	0.0002	13.9984
20.5	-113.0	-9.4169	8.3027	185.0844	0.3035	0.0002	19.9771
20.5	-112.5	-6.5736	3.6956	259.6458	0.339	0.0002	20.5427
20.5	-112.0	-3.8047	0.8337	286.7111	0.3435	0.0	11.6878
20.5	-111.5	-1.7112	-1.1491	359.8067	0.3615	0.0	8.0221
20.5	-111.0	-1.4348	-4.348	462.2687	0.3853	0.0	8.8335
20.5	-110.5	-1.1308	-10.7346	570.3023	0.4022	0.0003	9.7542
20.5	-110.0	2.374	-9.2659	686.3366	0.4001	0.0	21.5987
20.5	-109.5	5.0143	-11.7022	612.2767	0.4107	0.0	12.4052
20.5	-109.0	7.1674	-10.2052	476.8017	0.3967	0.0	6.2819
20.5	-108.5	7.7448	-11.2078	308.934	0.398	0.0	3.1018
20.5	-108.0	9.1869	0.5571	48.6982	0.363	0.0	-3.9042
20.5	-107.5	11.2419	1.7827	-81.9493	0.3283	0.0	-6.0911
20.5	-107.0	14.3555	-1.7537	-154.913	0.2737	0.0	-6.2731
20.5	-106.5	18.1754	1.1815	-186.0195	0.2835	0.0	-4.3464
20.5	-106.0	20.8001	1.0842	-77.1169	0.3197	0.0	2.2783
20.5	-105.5	7.3187	-3.3941	16.061	0.0315	0.0	3.0898
20.5	-96.5	13.7479	1.1887	-380.5376	-0.0044	0.0	-12.2431
20.5	-96.0	12.9659	0.9656	-572.7634	-0.1324	0.0	-8.4404
20.5	-95.5	12.1311	0.3829	-470.4831	-0.0239	0.0	-6.8208
20.5	-95.0	12.0625	0.0444	-270.5715	0.0217	-0.0001	-4.2643
20.5	-94.5	12.3289	-0.5478	-313.6967	0.0173	0.0007	-5.5469
20.5	-94.0	13.185	-0.6402	-241.4706	-0.0432	-0.0002	-5.7141
20.5	-93.5	12.9454	-0.6563	-226.3033	-0.059	0.0001	-3.5931
20.5	-93.0	11.6495	-0.3977	-145.0218	-0.0508	-0.0007	-2.9913
20.5	-92.5	9.133	-0.1893	-27.7053	0.0268	-0.0008	1.2528
20.5	-92.0	7.7841	-0.2138	176.3855	0.0877	0.0001	-0.7171
20.5	-91.5	4.3288	-0.1634	142.17	0.1097	0.0005	0.9314
20.5	-91.0	1.5812	-0.1845	167.1137	0.0258	0.0	3.8267
20.5	-87.0	3.7683	0.9135	-127.7607	-0.0949	0.0022	-1.756
20.5	-86.5	11.4444	2.018	-359.6703	-0.0482	0.0006	-3.3387
20.5	-86.0	10.685	1.4794	-446.2044	-0.0805	0.0015	-4.4764
20.5	-85.5	9.4662	1.5825	-489.0242	-0.041	-0.0023	-2.2406
20.5	-85.0	8.6395	1.1031	-542.4104	0.0479	-0.0015	-3.5297
21.0	-120.0	-16.2292	1.087	86.7734	0.3878	0.0099	3.56
21.0	-119.5	-16.6652	0.0835	56.5687	0.3736	0.0067	6.0341
21.0	-119.0	-17.0013	-1.5188	62.0267	0.3388	0.0071	6.3435
21.0	-118.5	-15.3529	-2.5918	114.2829	0.3143	0.0031	5.5317
21.0	-118.0	-12.2866	-4.0658	160.8488	0.3154	0.0022	8.5532
21.0	-117.5	-10.2683	-3.164	173.8072	0.3321	0.0025	9.5961
21.0	-117.0	-10.1816	-0.3884	251.4469	0.3144	-0.0003	12.7711
21.0	-116.5	-10.0502	1.4452	338.0021	0.3024	0.0004	14.8295
21.0	-116.0	-9.6702	2.7921	433.6848	0.267	0.003	18.9759
21.0	-115.5	-9.3838	8.0943	444.3513	0.2413	0.0012	21.4758
21.0	-115.0	-9.9069	4.2941	480.1042	0.2474	0.0006	28.7338
21.0	-114.5	-11.3833	9.4339	447.5102	0.268	0.0	25.3955
21.0	-114.0	-11.6404	11.4145	224.7592	0.2863	0.0	17.254
21.0	-113.5	-9.6306	11.227	279.5914	0.2772	0.0	15.8731
21.0	-113.0	-9.053	11.0781	265.5929	0.2763	0.0001	17.5997
21.0	-112.5	-4.6848	10.8665	392.0867	0.3256	0.0	23.5825
21.0	-112.0	-2.3746	9.3002	432.374	0.357	0.0	24.4134
21.0	-111.5	0.4646	1.3213	561.2842	0.3719	0.0001	21.4952
21.0	-111.0	2.0764	-1.9337	674.3583	0.3801	0.0	19.5678
21.0	-110.5	3.7137	-10.6145	692.5552	0.3584	0.0	20.6886
21.0	-110.0	5.9781	-12.3413	745.1403	0.3491	0.0	20.8722
21.0	-109.5	7.3486	-10.1482	655.2515	0.372	0.0	14.1493
21.0	-109.0	7.7597	-9.9642	398.7974	0.3692	0.0004	9.0505
21.0	-108.5	8.8478	-9.311	302.9063	0.3836	0.0	5.2894
21.0	-108.0	10.7996	-8.8223	160.1352	0.3343	0.0	1.1498
21.0	-107.5	13.91	-6.755	-53.2122	0.2806	0.0	-5.1631
21.0	-107.0	16.5	-3.0526	-96.9017	0.2286	0.0	-1.9792
21.0	-106.5	19.9791	-0.7156	-88.1443	0.2306	0.0	1.5147
21.0	-106.0	20.1162	-0.8915	1.9566	0.2159	0.0	11.756
21.0	-105.5	10.9995	-3.535	77.4835	0.073	0.0	10.7972
21.0	-97.0	13.8655	0.8292	-192.319	0.0174	0.0	-1.4976
21.0	-96.5	17.0175	1.1274	-534.693	-0.0053	0.0	-7.6596
21.0	-96.0	15.8891	0.7552	-691.9573	0.0523	0.0	-17.8536
21.0	-95.5	14.852	0.5044	-730.6575	0.0467	0.0	-16.2411
21.0	-95.0	14.6255	0.3224	-594.1582	0.0021	0.0002	-15.0656
21.0	-94.5	15.3082	0.1243	-629.4488	0.0455	-0.0005	-14.5582
21.0	-94.0	16.4179	-0.1467	-512.8257	-0.0091	-0.0001	-11.2757
21.0	-93.5	15.8359	-0.2405	-378.5684	-0.0172	-0.0	-10.0448
21.0	-93.0	14.727	-0.8915	-274.2487	0.0001	-0.0003	-7.833
21.0	-92.5	12.963	-0.6064	-204.7436	0.0528	0.0	-9.3943
21.0	-92.0	11.4804	-0.2932	2.4655	0.1019	-0.0006	-9.3728
21.0	-91.5	8.2063	-0.2726	59.9416	0.0965	0.0	-4.8316
21.0	-91.0	4.5067	-0.2718	98.1278	0.0181	0.0	-4.0226
21.0	-90.5	0.9509	-0.2712	92.954	-0.0881	0.0004	-1.8523
21.0	-86.5	12.1254	1.9657	-244.2091	-0.0934	0.0003	-2.6423
21.0	-86.0	11.5452	1.2762	-258.107	-0.0832	-0.0002	-2.4501
21.0	-85.5	10.6643	0.9762	-260.4547	0.0252	-0.0011	-2.4128
21.0	-85.0	9.9027	0.6645	-290.1201	0.084	-0.0003	-0.6868
21.5	-120.0	-13.5931	-4.4911	37.1047	0.3906	0.0039	3.1009
21.5	-119.5	-14.3608	-4.676	34.6007	0.3814	0.0028	0.4659
21.5	-119.0	-15.8896	-7.1257	38.1732	0.3429	0.0041	3.5159
21.5	-118.5	-15.833	-2.7657	82.5064	0.2865	0.0053	8.1834
21.5	-118.0	-13.1164	2.644	137.1096	0.2979	0.0042	10.8536
21.5	-117.5	-9.7049	5.096	202.8876	0.3123	0.0032	15.5517
21.5	-117.0	-6.6028	3.5334	230.7349	0.3036	0.0024	13.7882
21.5	-116.5	-5.5386	5.5066	300.4191	0.2825	0.0004	17.1482
21.5	-116.0	-4.994	8.1243	371.2601	0.2463	0.0001	19.2698
21.5	-115.5	-7.63	8.9534	410.0392	0.2363	0.0005	20.6683
21.5	-115.0	-8.5719	7.5688	433.2156	0.2332	-0.0002	25.512
21.5	-114.5	-9.0108	7.0206	332.9645	0.2936	0.0001	28.8451
21.5	-114.0	-9.3537	8.1071	233.2762	0.3071	0.0	17.5443
21.5	-113.5	-6.925	9.4182	307.1162	0.2997	-0.0	15.864
21.5	-113.0	-4.555	10.5742	278.3156	0.3242	0.0001	14.8125
21.5	-112.5	-2.4329	14.4332	423.0327	0.3507	-0.0	21.0456
21.5	-112.0	0.1803	10.8801	538.7664	0.3746	0.0	34.5045
21.5	-111.5	2.6196	5.1955	647.7971	0.387	0.0	24.3127
21.5	-111.0	4.8344	-4.2561	653.1493	0.3595	0.0	15.9906
21.5	-110.5	7.8544	-10.9648	602.2816	0.3606	0.0	20.1719
21.5	-110.0	10.027	-12.4622	708.3764	0.3205	0.0	24.7977
21.5	-109.5	9.1309	-10.0434	644.7062	0.3309	0.0	17.7424
21.5	-109.0	9.8246	-6.658	446.4206	0.3468	0.0	12.543
21.5	-108.5	10.9809	-3.1486	328.3453	0.379	0.0	9.9795
21.5	-108.0	16.2412	-6.2214	229.2649	0.3313	0.0	0.04
21.5	-107.5	19.873	-5.94	6.6099	0.2677	0.0	-6.5692
21.5	-107.0	24.9092	-7.285	-36.3834	0.2052	0.0	-0.8654
21.5	-106.5	15.1449	-0.6323	-2.797	0.1887	0.0	8.0407
21.5	-106.0	16.0703	0.1072	25.9831	0.1786	0.0	12.3004
21.5	-105.5	10.7635	-0.322	78.2311	0.0491	0.0	16.607
21.5	-97.5	2.0763	0.083	41.0801	-0.0363	0.0	3.5339
21.5	-97.0	18.0218	1.3427	-418.2488	-0.0381	0.0	-1.8025
21.5	-96.5	18.1271	1.0356	-604.165	-0.0479	0.0	-11.5206
21.5	-96.0	18.1037	0.8717	-913.0344	0.0501	0.0	-24.8571
21.5	-95.5	17.0899	0.6722	-1023.1433	0.0158	0.0003	-30.0551
21.5	-95.0	16.5801	0.5522	-965.3184	0.0412	0.0	-26.594
21.5	-94.5	17.087	0.7522	-832.7235	0.055	-0.0003	-27.5902
21.5	-94.0	17.8808	0.3971	-752.5772	0.0645	0.0011	-22.8921
21.5	-93.5	17.2857	0.2208	-514.3852	0.0425	-0.0007	-13.9195
21.5	-93.0	16.1025	-0.7485	-436.9031	0.0528	-0.0001	-12.0569
21.5	-92.5	15.7717	-0.7043	-354.2152	0.0777	0.0002	-15.7607
21.5	-92.0	14.4934	-0.738	-144.7456	0.1138	-0.0008	-8.0896
21.5	-91.5	12.0513	-0.8727	-19.5513	0.1364	0.0002	-11.1304
21.5	-91.0	9.6662	-0.4445	59.2839	0.0703	-0.0002	-3.9706
21.5	-90.5	6.5102	-0.6033	103.0277	0.0025	0.0001	-5.0061
21.5	-90.0	3.9555	-0.2525	72.7737	-0.0419	-0.0	-2.3928
21.5	-89.5	2.2753	-0.0588	28.6996	-0.0416	-0.0001	-5.3921
21.5	-89.0	1.7185	-0.0159	41.7813	-0.0683	-0.0006	-10.7481
21.5	-87.5	0.7169	-0.2757	34.1852	-0.004	-0.0003	-4.4383
21.5	-86.5	9.8523	1.6969	-134.4356	-0.0007	-0.0049	-4.721
21.5	-86.0	11.6986	1.3199	-126.1634	-0.031	-0.0018	-0.3274
21.5	-85.5	11.2432	1.0096	-128.8293	0.0727	0.0003	1.7453
21.5	-85.0	9.2774	1.0929	-143.0282	0.1632	-0.0002	0.7309
22.0	-120.0	-15.0435	-3.8431	25.1024	0.405	0.0021	1.6442
22.0	-119.5	-13.9107	-4.9272	33.184	0.3585	0.0021	2.2505
22.0	-119.0	-14.6684	-3.9441	35.8132	0.3349	0.0011	2.5542
22.0	-118.5	-14.6032	-4.1514	41.8563	0.3213	0.0017	3.7295
22.0	-118.0	-10.5605	1.171	82.2827	0.3054	0.0016	10.4194
22.0	-117.5	-9.412	3.7605	135.2876	0.3086	0.0028	14.38
22.0	-117.0	-7.0927	3.4977	179.8992	0.2835	0.0002	14.9934
22.0	-116.5	-4.2516	3.1349	192.1412	0.2741	-0.0005	16.4749
22.0	-116.0	-2.1954	4.8113	291.2128	0.2612	0.0002	20.0124
22.0	-115.5	-1.4608	4.9428	318.28	0.2672	0.0	23.1626
22.0	-115.0	-5.3999	2.315	304.3367	0.2806	0.0002	23.1981
22.0	-114.5	-6.8439	4.9137	235.7346	0.2997	0.0001	19.3398
22.0	-114.0	-6.5923	6.4451	230.333	0.3002	-0.0004	14.1426
22.0	-113.5	-6.6302	3.5235	285.1824	0.3016	-0.0003	17.512
22.0	-113.0	-4.7905	6.0848	238.1738	0.3119	0.0	13.9755
22.0	-112.5	-1.3182	5.2905	333.6322	0.3471	0.0	16.8653
22.0	-112.0	1.9169	0.8114	568.0557	0.356	0.0002	29.1843
22.0	-111.5	3.8096	-1.0951	663.4371	0.4285	0.0	23.2859
22.0	-111.0	3.7364	-3.1656	697.8789	0.4346	0.0	20.3597
22.0	-110.5	8.2319	-8.2826	679.1729	0.3876	0.0	21.8415
22.0	-110.0	9.6812	-11.2009	731.7126	0.281	0.0	18.7312
22.0	-109.5	7.1477	-4.2124	639.8503	0.2456	0.0	15.4002
22.0	-109.0	12.8164	-3.2932	473.8695	0.3019	0.0	12.8286
22.0	-108.5	17.8316	-2.0848	340.7511	0.3557	0.0	9.2302
22.0	-108.0	23.1608	-11.2297	215.2165	0.3129	0.0	3.0171
22.0	-107.5	25.7658	-8.8648	6.682	0.2528	0.0	-1.9754
22.0	-107.0	25.3014	-5.3208	12.7932	0.203	0.0	5.1528
22.0	-106.5	18.5224	-2.3038	56.3974	0.1726	0.0	10.4118
22.0	-106.0	14.0164	0.7883	50.6118	0.1328	0.0	10.5518
22.0	-97.5	11.4993	1.0967	-264.6459	-0.082	0.0	-2.3642
22.0	-97.0	19.2992	1.2878	-740.4665	-0.0974	0.0	-15.423
22.0	-96.5	19.59	1.1047	-1047.8897	-0.0514	0.0	-29.1136
22.0	-96.0	19.7229	0.8947	-1245.6642	-0.0173	0.0	-37.8086
22.0	-95.5	19.6996	0.7514	-1347.3324	0.0607	-0.0004	-29.9991
22.0	-95.0	19.468	0.7261	-1290.5559	0.1503	0.0006	-34.709
22.0	-94.5	19.5902	0.7937	-899.1782	0.1607	0.0005	-25.2835
22.0	-94.0	19.9892	0.3299	-777.8489	0.1319	-0.0001	-16.5305
22.0	-93.5	19.7193	0.0595	-784.1607	0.1318	-0.0008	-14.2518
22.0	-93.0	18.7042	-0.4004	-653.6899	0.1384	-0.0007	-13.0383
22.0	-92.5	18.1951	-0.976	-556.4633	0.1334	0.0002	-17.4976
22.0	-92.0	17.7823	-1.1684	-391.8437	0.1543	0.0	-13.8556
22.0	-91.5	16.189	-1.2142	-241.8885	0.2145	0.0002	-10.5537
22.0	-91.0	14.2868	-1.2111	-141.3914	0.2777	0.0002	-9.3503
22.0	-90.5	12.7775	-1.3149	-37.6794	0.2254	-0.0004	-8.3653
22.0	-90.0	10.8234	-1.0839	-30.4772	0.2179	-0.0001	-4.6602
22.0	-89.5	9.1945	-1.1347	-46.9462	0.2511	-0.0003	-8.2776
22.0	-89.0	6.9815	-1.1541	-3.8528	0.1999	0.0007	-8.816
22.0	-88.5	5.6236	-1.2976	-23.3205	0.1237	0.0012	-8.2005
22.0	-88.0	4.9937	-0.9423	-0.3911	0.1223	-0.0005	-17.6219
22.0	-87.5	4.7884	-0.2321	-15.9538	0.052	-0.001	-12.205
22.0	-87.0	6.7134	0.1618	-53.0646	0.0403	0.0002	-13.3847
22.0	-86.5	9.9877	0.6831	-116.6889	0.0582	0.0006	-8.3956
22.0	-86.0	9.7328	0.8961	-103.6444	0.0867	0.0007	-5.8253
22.0	-85.5	7.2776	0.7765	-50.1848	0.094	-0.0006	-1.5567
22.0	-85.0	3.4361	0.2496	23.4164	0.174	0.0004	-0.1885
22.5	-120.0	-15.5728	-5.9125	26.81	0.3761	0.0012	-0.5801
22.5	-119.5	-12.0169	-7.0042	35.5979	0.3368	0.001	-2.0494
22.5	-119.0	-12.8129	-3.8931	33.7944	0.3431	0.0018	1.6996
22.5	-118.5	-12.3917	-4.2789	32.9739	0.3387	0.0014	5.5886
22.5	-118.0	-10.7716	0.8205	39.2467	0.3263	0.0009	8.5936
22.5	-117.5	-9.2954	2.2602	71.8517	0.2907	0.0006	10.6403
22.5	-117.0	-6.619	1.6463	100.907	0.272	0.0002	13.541
22.5	-116.5	-3.6924	0.0296	150.7958	0.2767	0.0004	18.3287
22.5	-116.0	-0.9198	0.7312	220.5084	0.2664	0.0008	17.0344
22.5	-115.5	-0.0208	5.0313	221.864	0.2761	0.0001	21.4438
22.5	-115.0	-1.4524	-0.4055	233.9363	0.277	-0.0001	22.3627
22.5	-114.5	-3.7081	2.1308	198.1408	0.2752	-0.0001	16.8923
22.5	-114.0	-3.8767	-1.988	177.1626	0.2876	0.0	12.1936
22.5	-113.5	-4.6973	1.279	216.4845	0.3059	-0.0002	17.4192
22.5	-113.0	-2.3078	4.0945	265.8519	0.3051	0.0	16.7863
22.5	-112.5	-1.4709	4.1296	364.5848	0.3157	0.0	17.1374
22.5	-112.0	0.9308	0.423	608.2618	0.3667	0.0	29.9724
22.5	-111.5	5.0694	-4.1851	816.45	0.4551	0.0004	26.775
22.5	-111.0	7.6114	-6.5494	852.9755	0.531	0.0003	25.931
22.5	-110.5	9.2	-11.8365	816.6792	0.511	0.0	21.0922
22.5	-110.0	7.4804	-9.9124	728.7109	0.1876	0.0	16.2441
22.5	-109.5	12.2382	0.6691	611.9132	0.0936	0.0	13.2402
22.5	-109.0	17.8388	-4.1698	477.6715	0.216	0.0	10.9746
22.5	-108.5	23.2136	-5.6394	334.0538	0.3442	0.0	7.5012
22.5	-108.0	23.5303	-5.4183	213.2079	0.3042	0.0	-1.3676
22.5	-107.5	24.3286	2.3552	109.1452	0.2403	0.0	2.4716
22.5	-107.0	24.8243	-1.0686	139.435	0.2136	0.0	11.7287
22.5	-106.5	19.3015	0.4778	151.4024	0.1742	0.0	14.0417
22.5	-106.0	11.2543	1.6189	106.7479	0.0588	0.0	11.247
22.5	-97.5	16.9698	1.5275	-597.1343	-0.0985	0.0	-9.6727
22.5	-97.0	20.2621	1.856	-1029.8774	-0.1683	0.0	-24.4926
22.5	-96.5	20.8393	1.4316	-1141.9644	-0.0561	0.0	-24.0336
22.5	-96.0	21.6679	1.4137	-1349.0361	0.0437	0.0	-39.0883
22.5	-95.5	21.7787	1.1319	-1696.8531	0.1589	0.0003	-39.7883
22.5	-95.0	22.1865	0.8078	-1635.1471	0.2713	0.0015	-37.9796
22.5	-94.5	22.3846	0.6939	-1051.7089	0.3067	0.0014	-25.1756
22.5	-94.0	22.8039	0.7579	-1037.9001	0.2137	0.0015	-21.0493
22.5	-93.5	22.3913	0.4311	-1042.1344	0.2121	0.0004	-18.5969
22.5	-93.0	21.693	0.0718	-1028.996	0.2404	-0.0002	-19.7718
22.5	-92.5	21.1811	-0.4071	-938.8613	0.2382	-0.0007	-18.3095
22.5	-92.0	20.5827	-1.0019	-752.4976	0.267	-0.0002	-15.0938
22.5	-91.5	19.9277	-1.2272	-632.8482	0.3586	0.0003	-16.9402
22.5	-91.0	17.8059	-1.9902	-479.1753	0.3459	0.0	-11.7454
22.5	-90.5	16.221	-1.7902	-348.3262	0.3275	0.0	-8.6951
22.5	-90.0	13.5892	-1.4072	-258.2227	0.3748	0.0002	-6.1332
22.5	-89.5	11.7743	-1.729	-258.0823	0.3904	0.0001	-4.2716
22.5	-89.0	10.4801	-1.4724	-278.4464	0.3623	-0.0001	-9.4227
22.5	-88.5	9.8669	-0.9647	-211.6762	0.354	0.0012	-11.0153
22.5	-88.0	9.4932	-0.8325	-164.6906	0.3131	-0.0004	-13.2973
22.5	-87.5	9.1133	-0.3872	-113.1341	0.2577	-0.0007	-12.1257
22.5	-87.0	9.1144	0.0289	-94.1123	0.2312	0.0011	-10.7446
22.5	-86.5	8.5196	0.5419	-82.1036	0.2196	0.0011	-6.4483
22.5	-86.0	7.2558	0.2558	-73.8863	0.2129	-0.0002	-5.7306
22.5	-85.5	5.3061	-0.1363	-33.0955	0.2277	0.0002	-7.9961
22.5	-85.0	2.3148	0.0417	82.0647	0.1772	-0.0004	-10.5345
23.0	-120.0	-15.8644	-2.9987	17.6039	0.3418	0.0009	-1.1811
23.0	-119.5	-12.2364	-6.2162	27.0782	0.3191	0.0008	-2.092
23.0	-119.0	-10.443	-5.3536	30.7599	0.317	0.001	1.1185
23.0	-118.5	-10.2989	-4.6322	27.4454	0.3301	0.0003	4.6165
23.0	-118.0	-8.814	-1.3121	23.4505	0.3459	0.0003	7.5277
23.0	-117.5	-10.3612	1.4612	22.2264	0.3161	0.0002	7.3408
23.0	-117.0	-8.2188	-1.9639	67.7451	0.2723	-0.0005	11.5623
23.0	-116.5	-5.7464	-0.896	76.8404	0.2601	-0.0006	12.8165
23.0	-116.0	-0.2963	0.0243	113.9295	0.2409	0.0	15.15
23.0	-115.5	-0.2663	-1.7189	142.4287	0.2608	-0.0005	16.9346
23.0	-115.0	-0.1788	-1.3992	142.32	0.2826	0.0	20.4386
23.0	-114.5	-2.0266	0.1302	123.0017	0.2852	0.0002	18.5655
23.0	-114.0	-4.5408	-1.9656	134.9075	0.2771	0.0004	12.7874
23.0	-113.5	-5.9151	0.2304	146.2054	0.289	0.0	17.5947
23.0	-113.0	-4.1097	3.5649	331.4403	0.2822	0.0	19.0237
23.0	-112.5	-3.0577	4.5786	369.6868	0.2692	0.0004	19.7643
23.0	-112.0	0.4014	-1.5389	524.9762	0.3241	0.0	21.9631
23.0	-111.5	2.4134	-3.4857	734.946	0.404	0.0003	21.319
23.0	-111.0	10.6532	-6.1161	751.3822	0.5275	0.0	26.1276
23.0	-110.5	12.1818	-4.1168	588.6568	0.4832	0.0	21.7872
23.0	-109.5	12.1122	-1.227	436.8717	-0.0268	0.0	14.0382
23.0	-109.0	24.3994	-1.5888	454.2108	0.2896	0.0	9.4849
23.0	-108.5	23.947	-0.3158	371.9895	0.3829	0.0	6.4348
23.0	-108.0	25.8656	1.9995	297.6966	0.2866	0.0	7.6046
23.0	-107.5	26.3098	2.0184	195.2853	0.2555	0.0	3.5254
23.0	-107.0	25.7151	1.1171	174.5407	0.2066	0.0	9.5851
23.0	-106.5	19.0808	1.8347	192.9248	0.1208	0.0	14.1203
23.0	-97.5	17.6471	1.8064	-873.7186	-0.1931	0.0	-30.8033
23.0	-97.0	21.6567	1.8645	-1151.0521	-0.1494	0.0	-25.8751
23.0	-96.5	22.5465	1.9242	-1381.5558	-0.0243	0.0	-23.4751
23.0	-96.0	22.8406	1.816	-1610.7516	0.0968	0.0001	-34.2125
23.0	-95.5	23.2775	1.6796	-1797.4115	0.2311	0.0006	-35.9132
23.0	-95.0	23.5796	1.2683	-1433.2236	0.3706	0.0008	-28.8759
23.0	-94.5	23.7413	0.9544	-1122.7096	0.3399	0.0004	-22.7891
23.0	-94.0	23.8098	0.8457	-904.0015	0.3317	-0.0004	-17.6507
23.0	-93.5	23.8046	0.6098	-835.2027	0.3348	0.0003	-13.6829
23.0	-93.0	24.3271	0.2716	-807.3407	0.3427	-0.0003	-10.6487
23.0	-92.5	23.5764	-0.2072	-701.6658	0.3301	0.0006	-11.9991
23.0	-92.0	22.4066	-0.6536	-545.0688	0.3374	-0.0005	-10.5341
23.0	-91.5	21.4684	-1.209	-414.3108	0.3726	0.0012	-9.6776
23.0	-91.0	19.4413	-1.5327	-311.2269	0.4069	0.0002	-9.0544
23.0	-90.5	17.812	-1.5354	-247.8594	0.3834	-0.0006	-5.9844
23.0	-90.0	16.7658	-1.4913	-187.0259	0.4398	0.0003	-4.7431
23.0	-89.5	15.0493	-1.2855	-143.3357	0.4542	0.0005	-3.1958
23.0	-89.0	13.313	-0.8666	-161.5102	0.5001	-0.0001	-3.7935
23.0	-88.5	13.0441	-0.7582	-212.0765	0.4744	-0.0004	-8.27
23.0	-88.0	12.5232	-0.5363	-242.6451	0.5104	-0.0001	-9.5959
23.0	-87.5	11.4271	-0.0438	-203.1503	0.4472	0.0002	-5.9558
23.0	-87.0	10.8459	0.3417	-128.3819	0.4303	-0.0002	-4.0832
23.0	-86.5	9.5604	0.0655	-86.07	0.4285	-0.0013	-2.2278
23.0	-86.0	6.5815	-0.2043	-98.4977	0.4398	0.0	-8.7384
23.0	-85.5	5.0934	-0.2163	44.2666	0.4573	-0.0007	-16.5942
23.0	-85.0	3.5274	-0.4498	133.8939	0.449	-0.0018	-6.7302
23.5	-120.0	-15.6891	-1.5051	15.9204	0.2959	0.0023	-2.0303
23.5	-119.5	-13.4687	-5.2232	24.4296	0.3028	0.0015	-2.539
23.5	-119.0	-11.359	-4.4548	23.805	0.3048	0.0002	-0.8031
23.5	-118.5	-9.3224	-3.7752	13.3396	0.316	0.0001	0.1683
23.5	-118.0	-10.1531	-1.6594	2.0728	0.3036	0.0001	3.3276
23.5	-117.5	-11.0082	0.4473	-2.2469	0.2788	-0.0002	3.7527
23.5	-117.0	-9.584	-3.4617	-6.9643	0.2566	0.0	7.2228
23.5	-116.5	-6.8415	-2.5121	7.4325	0.2336	0.0	7.6668
23.5	-116.0	-3.7275	0.4897	15.9609	0.2291	0.0004	8.8344
23.5	-115.5	0.5469	-1.2135	46.7976	0.2606	-0.0001	8.8521
23.5	-115.0	-0.2791	-1.7921	69.2175	0.29	0.0	13.8805
23.5	-114.5	-1.2078	-2.822	91.8695	0.3221	0.0002	18.1027
23.5	-114.0	-4.0868	-0.061	98.2488	0.2953	0.0	13.539
23.5	-113.5	-5.7719	2.7893	136.458	0.2571	0.0	16.2685
23.5	-113.0	-4.801	4.1764	339.5131	0.2321	0.0	19.6867
23.5	-112.5	-2.2184	1.0682	408.3655	0.2196	0.0004	20.2747
23.5	-112.0	0.4762	0.8594	508.8542	0.2819	0.0003	22.8714
23.5	-111.5	7.4366	-5.0836	597.8927	0.3582	0.0	24.6301
23.5	-111.0	11.7607	-5.6686	596.7907	0.4328	0.0003	25.4462
23.5	-110.5	10.0572	-5.4717	453.8668	0.2172	0.0	18.9916
23.5	-109.0	15.5179	-2.4356	356.781	0.5122	0.0	9.351
23.5	-108.5	19.6531	-3.7905	377.384	0.4172	0.0	7.9182
23.5	-108.0	25.0852	0.396	344.9069	0.3167	0.0	9.2845
23.5	-107.5	24.5739	2.7448	239.4026	0.271	0.0	7.3269
23.5	-107.0	19.4514	0.9758	171.9281	0.1557	0.0	8.6625
23.5	-97.5	16.86	2.119	-790.3794	-0.2	0.0	-19.1244
23.5	-97.0	22.8848	2.3705	-1198.5389	-0.0437	0.0001	-22.274
23.5	-96.5	25.0194	2.3475	-1423.405	0.1399	-0.0002	-29.0401
23.5	-96.0	24.9297	2.1688	-1481.2689	0.25	0.0	-25.7029
23.5	-95.5	24.3218	2.1093	-1206.4039	0.3317	-0.0	-18.2986
23.5	-95.0	24.2584	1.5187	-906.2957	0.429	0.0	-15.2072
23.5	-94.5	24.4376	1.1339	-663.8723	0.3995	0.0007	-13.3487
23.5	-94.0	24.5656	0.8175	-614.9554	0.4196	0.0008	-13.5872
23.5	-93.5	24.8599	0.5529	-556.3891	0.412	0.0002	-11.5917
23.5	-93.0	25.4472	-0.1103	-535.1994	0.4291	-0.0008	-8.8122
23.5	-92.5	24.1214	-0.4528	-451.2745	0.3878	-0.0007	-7.9973
23.5	-92.0	23.5259	-0.1842	-343.3143	0.4086	0.0001	-7.9457
23.5	-91.5	22.3741	-0.8728	-243.3946	0.4076	-0.0002	-6.8981
23.5	-91.0	20.6242	-1.2692	-164.8864	0.4301	-0.0004	-4.6536
23.5	-90.5	18.5574	-1.072	-118.8747	0.461	-0.0014	-3.3665
23.5	-90.0	17.3881	-0.9158	-94.783	0.4991	0.0003	-3.3335
23.5	-89.5	16.1532	-1.382	-47.2721	0.5523	0.0002	-2.9319
23.5	-89.0	14.6881	-0.975	-46.5043	0.5534	0.0	-2.6118
23.5	-88.5	13.3285	-0.7144	-48.1131	0.5569	0.0003	-3.2722
23.5	-88.0	12.7118	-0.3905	-114.6715	0.5593	0.0004	2.7885
23.5	-87.5	11.9301	0.0455	-124.2857	0.5498	-0.0006	3.788
23.5	-87.0	11.5171	0.1092	-197.5817	0.561	-0.0003	-3.3325
23.5	-86.5	11.0036	-0.1065	-113.3991	0.5992	-0.0004	-4.8966
23.5	-86.0	9.0331	-0.2922	34.6789	0.6676	0.0005	-5.6119
23.5	-85.5	7.5411	-0.6812	125.3808	0.6514	0.0007	-6.8438
23.5	-85.0	6.8055	-0.6437	168.9263	0.642	-0.001	-6.3618
24.0	-120.0	-22.0627	3.3047	5.1704	0.2713	0.0016	-3.972
24.0	-119.5	-17.3529	-5.991	8.642	0.2688	0.0034	-2.0794
24.0	-119.0	-14.3996	-5.4763	3.765	0.2635	0.0029	-2.3561
24.0	-118.5	-12.374	-4.1194	-3.5577	0.2686	0.0008	-1.2278
24.0	-118.0	-11.906	-2.9441	-13.7755	0.2517	0.0011	-0.7519
24.0	-117.5	-11.0035	-3.654	-5.9855	0.252	0.0015	1.7749
24.0	-117.0	-8.9291	-3.5212	-1.0504	0.2444	0.0007	4.6039
24.0	-116.5	-6.7733	-1.5805	-8.8959	0.2356	0.0006	3.5818
24.0	-116.0	-4.8335	0.645	13.145	0.233	0.0006	5.0191
24.0	-115.5	-2.3269	-2.679	33.2736	0.2613	-0.0005	5.7593
24.0	-115.0	-0.933	-1.6515	59.6852	0.2844	0.0002	7.3593
24.0	-114.5	-2.5273	-3.3943	105.4768	0.2888	0.0	12.6229
24.0	-114.0	-5.2551	-1.4809	111.0751	0.3095	0.0	17.5705
24.0	-113.5	-6.6103	1.922	163.5577	0.2604	0.0	19.4822
24.0	-113.0	-4.8441	3.9907	236.3188	0.2361	-0.0005	18.2617
24.0	-112.5	-1.1912	0.7192	383.0593	0.2285	0.0	27.8809
24.0	-112.0	6.8112	-2.7289	493.5945	0.2445	0.0	27.9246
24.0	-111.5	11.0808	-5.8984	572.5273	0.2969	-0.0003	28.2696
24.0	-111.0	10.4172	2.9848	541.2774	0.2671	0.0007	23.2943
24.0	-109.5	5.5159	-1.3174	250.3204	0.3588	0.0	18.9906
24.0	-109.0	8.1885	-0.8635	332.5236	0.4496	0.0	9.6152
24.0	-108.5	18.0169	-3.2573	408.5261	0.4316	0.0	8.7671
24.0	-108.0	19.2467	-0.4374	372.5086	0.3358	0.0	9.1943
24.0	-107.5	16.5957	3.2923	259.3648	0.1854	0.0	12.1072
24.0	-97.5	13.5223	1.3365	-346.7784	-0.1869	0.0	-8.4626
24.0	-97.0	24.6057	2.0289	-756.3491	-0.0049	0.0003	-8.7925
24.0	-96.5	26.789	2.0376	-855.6812	0.197	0.0	-8.9539
24.0	-96.0	26.4683	1.9174	-835.5742	0.3263	0.0	-9.6247
24.0	-95.5	25.7736	2.2623	-749.5618	0.4011	0.0002	-6.0843
24.0	-95.0	25.4627	1.9143	-599.1517	0.4467	-0.0	-3.7121
24.0	-94.5	25.3975	1.1714	-384.2465	0.4508	0.0008	-7.4032
24.0	-94.0	25.502	0.9848	-325.3502	0.4161	0.0004	-6.5362
24.0	-93.5	25.2448	0.2744	-340.4159	0.4226	0.0004	-6.8687
24.0	-93.0	26.1588	-0.0385	-331.1896	0.4223	-0.001	-5.0806
24.0	-92.5	25.103	0.0226	-264.1893	0.4747	-0.0005	-5.1172
24.0	-92.0	24.0887	-0.1115	-210.1712	0.4988	-0.001	-4.9343
24.0	-91.5	22.579	-0.475	-160.2587	0.5722	0.0004	-6.8019
24.0	-91.0	21.0587	-0.7627	-130.293	0.5308	0.0007	-1.7504
24.0	-90.5	19.3083	-0.8311	-98.5072	0.5257	0.0011	-1.4309
24.0	-90.0	17.4609	-0.7878	-48.9555	0.5585	0.0005	-3.5181
24.0	-89.5	16.394	-0.7584	2.0002	0.579	0.0002	-0.9655
24.0	-89.0	15.3821	-0.7747	40.4977	0.5564	0.0008	-0.0202
24.0	-88.5	13.896	-0.6195	73.4134	0.5975	-0.0	5.7514
24.0	-88.0	12.66	-0.4166	140.1593	0.5964	-0.0004	12.2726
24.0	-87.5	11.1678	-0.0915	71.481	0.5719	0.0003	6.7367
24.0	-87.0	10.5174	0.1088	17.9091	0.6042	0.0	-0.2527
24.0	-86.5	10.195	0.0137	56.0276	0.6669	0.0001	-3.6619
24.0	-86.0	9.4962	-0.1502	58.4874	0.6933	0.0002	-5.0702
24.0	-85.5	8.5328	-0.422	87.7026	0.7322	0.0004	-5.6083
24.0	-85.0	7.5841	-0.5452	115.3528	0.718	-0.0	-3.7607
24.5	-120.0	-22.8478	1.3929	-8.0333	0.2732	0.0008	-5.1971
24.5	-119.5	-21.4613	-3.6998	-4.6636	0.2613	0.0012	-3.6085
24.5	-119.0	-18.4652	-3.4835	0.5434	0.2332	0.0011	-2.8227
24.5	-118.5	-16.6411	-5.4125	10.6427	0.2361	0.0016	-0.613
24.5	-118.0	-14.5184	-6.5225	11.3342	0.233	0.0012	1.4345
24.5	-117.5	-11.8744	-5.6198	14.0728	0.2199	0.0013	1.377
24.5	-117.0	-9.18	-4.7265	38.6105	0.2392	0.0012	3.4748
24.5	-116.5	-7.3471	-0.5534	54.5545	0.2347	0.0004	2.8495
24.5	-116.0	-4.0359	2.2105	75.7645	0.235	-0.0003	4.5491
24.5	-115.5	-4.2097	-6.1582	86.5309	0.2757	0.0008	4.9948
24.5	-115.0	-3.5069	-4.8184	78.9714	0.2814	0.0014	5.3808
24.5	-114.5	-5.6508	-6.3305	81.7652	0.2972	0.0004	7.836
24.5	-114.0	-6.0265	-3.778	120.8224	0.2998	0.0013	12.6133
24.5	-113.5	-6.2374	0.4959	164.8069	0.2871	0.0	21.3242
24.5	-113.0	-4.2872	2.3354	195.8288	0.229	0.0	16.13
24.5	-112.5	2.0655	2.4202	258.7995	0.1932	-0.0002	23.027
24.5	-112.0	7.7366	-2.6661	367.5904	0.1278	-0.0005	23.4093
24.5	-110.5	1.1418	-0.0279	96.4028	0.0686	0.0	16.2428
24.5	-110.0	2.2249	-0.3185	108.4454	0.2859	0.0	12.5872
24.5	-109.5	5.2323	-1.2368	328.3099	0.4421	0.0	15.1285
24.5	-109.0	9.4554	-1.3955	385.5287	0.448	0.0	12.4229
24.5	-108.5	12.923	-1.9199	399.5639	0.3887	0.0	9.2791
24.5	-108.0	14.3022	0.2149	340.2816	0.1512	0.0	9.3878
24.5	-97.5	11.6005	1.0926	-204.1742	-0.1018	0.0	-3.7556
24.5	-97.0	23.5712	1.5134	-419.7147	0.0548	0.0	-1.6344
24.5	-96.5	27.134	1.6058	-503.5944	0.239	0.0003	-2.0753
24.5	-96.0	27.1895	1.5863	-507.2234	0.309	0.0006	-1.8265
24.5	-95.5	26.8681	2.0619	-440.5739	0.3323	0.0	0.4888
24.5	-95.0	25.9858	1.6281	-365.0433	0.383	-0.0003	0.4433
24.5	-94.5	26.4488	1.0913	-214.864	0.4438	-0.0002	-3.991
24.5	-94.0	26.7717	0.6149	-186.1401	0.4583	-0.0002	-4.3691
24.5	-93.5	26.1314	0.2764	-212.0525	0.4611	0.0	-5.0888
24.5	-93.0	26.2702	0.1726	-230.2949	0.4913	0.001	-6.0602
24.5	-92.5	26.439	0.4821	-215.564	0.571	-0.0	-6.1532
24.5	-92.0	25.0383	0.2081	-182.5423	0.5834	-0.0	-3.6188
24.5	-91.5	22.9865	-0.3876	-130.2356	0.6343	0.0001	-5.6268
24.5	-91.0	21.4793	-0.5261	-89.398	0.6212	-0.0	-4.6887
24.5	-90.5	20.0722	-0.6967	-55.0381	0.6024	0.0013	-2.5975
24.5	-90.0	19.0688	-0.7623	-32.9083	0.5546	0.0002	-3.0228
24.5	-89.5	17.3324	-0.5637	-2.8888	0.5977	0.0004	-0.4315
24.5	-89.0	15.7344	-0.3668	30.6044	0.6401	0.0002	5.3017
24.5	-88.5	13.2456	-0.2767	115.103	0.6121	0.0	7.8946
24.5	-88.0	11.5001	-0.2481	150.1027	0.6185	0.0002	8.6598
24.5	-87.5	10.8665	0.0264	93.7439	0.6363	0.0001	5.4439
24.5	-87.0	10.0715	0.2693	99.2325	0.6552	0.0	3.0236
24.5	-86.5	9.4834	0.4288	97.1765	0.6901	0.0001	-0.085
24.5	-86.0	8.1125	0.2573	83.0332	0.6932	0.0	-1.6948
24.5	-85.5	7.8664	0.0816	78.6507	0.7666	-0.0002	-3.3135
24.5	-85.0	7.307	0.0698	70.3908	0.7199	0.0	-2.6212
25.0	-120.0	-24.3981	0.0205	-28.3262	0.2567	0.0	-2.1793
25.0	-119.5	-22.3554	-1.0187	-0.5837	0.2464	-0.0	-0.3486
25.0	-119.0	-20.7491	-3.7009	38.8441	0.2318	-0.0003	0.3914
25.0	-118.5	-17.5874	-5.203	39.8695	0.2294	0.0003	1.4295
25.0	-118.0	-15.9271	-8.1808	10.6551	0.2534	-0.0	0.9013
25.0	-117.5	-10.4284	-7.1363	-2.4945	0.2441	0.0003	0.9213
25.0	-117.0	-9.3343	-5.6333	-11.8727	0.2422	-0.0003	1.7746
25.0	-116.5	-8.778	-3.6857	-8.781	0.238	-0.0007	-0.2698
25.0	-116.0	-7.5104	-1.1401	5.5342	0.2112	0.0	0.3673
25.0	-115.5	-5.0081	-7.6968	34.502	0.2447	-0.0002	1.3145
25.0	-115.0	-7.0616	-6.837	64.0068	0.2764	0.0017	0.9774
25.0	-114.5	-6.5257	-6.1672	82.5829	0.2836	0.0002	4.6449
25.0	-114.0	-3.5902	-3.8205	124.8135	0.3013	0.0015	6.4835
25.0	-113.5	-4.5763	-0.2423	155.2922	0.2605	-0.0003	10.0539
25.0	-113.0	0.1397	0.7092	146.3411	0.1892	0.0	11.8574
25.0	-112.5	2.6118	3.1973	136.8398	0.1604	0.0	15.8326
25.0	-110.5	1.3801	-0.0596	154.8431	0.111	0.0	4.3884
25.0	-110.0	3.5809	-1.1983	236.1133	0.2763	0.0	9.5948
25.0	-109.5	5.8468	-1.2213	379.0871	0.363	0.0	10.5097
25.0	-109.0	5.8927	-1.8552	378.6822	0.3724	0.0	9.7941
25.0	-108.5	5.5826	-3.215	300.3286	0.1676	0.0	11.3862
25.0	-97.5	8.9002	1.0434	-91.2029	-0.103	-0.0003	-1.0129
25.0	-97.0	21.362	1.2888	-248.7294	0.0804	0.0003	0.0513
25.0	-96.5	26.5571	1.2007	-288.691	0.1673	-0.0	0.3634
25.0	-96.0	27.0595	1.8688	-334.9403	0.2136	0.0002	0.9405
25.0	-95.5	27.4269	1.5352	-299.9906	0.2974	0.0009	0.1778
25.0	-95.0	26.5001	1.5214	-213.3233	0.3561	-0.0004	0.7696
25.0	-94.5	27.0976	0.6827	-115.3471	0.4562	-0.0007	1.6131
25.0	-94.0	27.0748	0.577	-92.1824	0.4973	0.0	-0.6227
25.0	-93.5	26.1792	0.3245	-105.6163	0.4966	0.0002	0.0616
25.0	-93.0	25.8162	0.4825	-113.4475	0.5595	-0.0002	-1.0976
25.0	-92.5	25.7668	0.606	-118.4574	0.619	0.0002	-5.0488
25.0	-92.0	24.4428	0.66	-100.0301	0.6877	0.0	-3.8357
25.0	-91.5	23.4507	0.3058	-105.4478	0.6808	-0.0	-9.7237
25.0	-91.0	20.926	0.0676	-66.9786	0.683	0.0002	-6.7744
25.0	-90.5	19.7425	-0.2981	-18.1359	0.6108	0.0004	-5.6837
25.0	-90.0	18.5227	-0.5435	9.6959	0.583	0.0007	-2.7578
25.0	-89.5	17.1327	-0.3317	26.6889	0.6049	0.0	2.7621
25.0	-89.0	15.0733	0.067	83.4545	0.6493	0.0003	6.7858
25.0	-88.5	13.248	0.1992	110.3557	0.6472	0.0002	8.6061
25.0	-88.0	11.6048	0.1517	84.7042	0.6107	0.0002	7.4758
25.0	-87.5	10.2618	0.0727	77.4188	0.6356	0.0002	5.9969
25.0	-87.0	9.5734	0.4024	92.4034	0.6707	0.0003	2.6462
25.0	-86.5	8.7318	0.6987	97.1428	0.6725	0.0002	3.7503
25.0	-86.0	8.2751	0.6042	85.1384	0.623	0.0	3.2683
25.0	-85.5	7.4236	0.2903	68.0642	0.7036	-0.0	-0.3209
25.0	-85.0	6.2042	0.0947	4.7444	0.635	-0.0003	-2.1245
25.5	-120.0	-24.4938	-2.4789	-36.9043	0.2471	-0.0001	-0.2029
25.5	-119.5	-23.2839	-4.9422	-20.3033	0.2282	-0.0	0.2805
25.5	-119.0	-22.0735	-6.0115	-1.3763	0.2175	-0.0005	-0.1799
25.5	-118.5	-19.2912	-7.0942	13.2786	0.2405	-0.0003	-0.7868
25.5	-118.0	-17.1561	-9.4979	18.2368	0.2681	-0.0004	-2.1143
25.5	-117.5	-10.8143	-11.4413	23.4211	0.256	0.0	-2.6331
25.5	-117.0	-8.0781	-8.1176	20.9586	0.2679	0.0005	-2.3084
25.5	-116.5	-8.894	-1.3665	22.193	0.253	-0.0009	-1.7267
25.5	-116.0	-9.5497	0.7034	29.6458	0.2143	-0.0011	-2.6148
25.5	-115.5	-7.4894	-12.5806	45.9404	0.1932	0.0	-2.6235
25.5	-115.0	-6.3944	-6.8634	87.0483	0.1963	-0.0006	-1.282
25.5	-114.5	-6.6084	-5.6986	116.6792	0.2598	0.0017	0.5894
25.5	-114.0	-1.7005	-5.2578	129.3536	0.2812	0.0011	3.516
25.5	-113.5	3.2386	-1.1055	135.7364	0.196	0.0	4.9323
25.5	-113.0	8.6184	0.9009	166.1005	0.1425	0.0	5.0928
25.5	-112.5	8.7315	1.3133	191.7529	0.0925	0.0	11.9041
25.5	-111.0	1.1109	-0.0954	155.7348	0.0752	0.0	10.0928
25.5	-110.5	2.2855	-0.5336	286.4601	0.1924	0.0	13.5866
25.5	-110.0	3.6153	-0.8254	326.5082	0.2438	0.0	16.0021
25.5	-109.5	4.4509	-1.6279	313.3669	0.2952	0.0	12.9802
25.5	-97.0	21.0728	0.9323	-297.2198	0.0349	0.0004	-1.3275
25.5	-96.5	25.325	1.2175	-271.6537	0.143	0.0007	-1.4728
25.5	-96.0	26.4731	1.2724	-208.4696	0.2788	0.0	-0.3572
25.5	-95.5	27.2272	1.2937	-200.903	0.3294	-0.0015	0.583
25.5	-95.0	26.6389	1.36	-155.3824	0.3543	-0.0004	2.9543
25.5	-94.5	26.4959	1.1525	-82.1858	0.4796	-0.0003	4.6415
25.5	-94.0	27.21	1.1823	8.3828	0.5083	-0.0005	4.7948
25.5	-93.5	26.8285	0.8734	50.9125	0.5301	-0.0003	3.6764
25.5	-93.0	25.3772	0.6782	43.0831	0.5989	-0.0024	1.426
25.5	-92.5	25.2034	0.8396	26.8255	0.6853	-0.0014	-2.0982
25.5	-92.0	23.9602	0.9849	4.9451	0.6947	-0.0003	-2.8011
25.5	-91.5	22.0921	0.6625	-21.7395	0.7298	0.0005	-5.3667
25.5	-91.0	20.0284	0.2774	-13.9202	0.7179	-0.0	-3.7351
25.5	-90.5	17.5317	-0.0201	6.0491	0.6889	-0.0002	-6.437
25.5	-90.0	16.0795	0.0688	49.682	0.6402	0.0007	-4.7531
25.5	-89.5	15.2468	0.0356	83.8779	0.5876	-0.0001	3.073
25.5	-89.0	13.6751	0.2684	101.868	0.5991	0.0	6.4207
25.5	-88.5	12.8928	0.2561	79.4217	0.6577	0.0003	4.6947
25.5	-88.0	11.4528	0.2935	57.612	0.6915	0.0	5.0284
25.5	-87.5	9.9093	0.3502	60.9187	0.6466	0.0	4.6731
25.5	-87.0	8.5729	0.2451	76.3046	0.6182	0.0	3.5927
25.5	-86.5	8.3258	0.385	80.2052	0.5885	-0.0	3.9509
25.5	-86.0	7.0804	0.5997	64.4718	0.5422	0.0002	4.5685
25.5	-85.5	6.4349	0.3779	48.6687	0.5855	0.0	3.5932
25.5	-85.0	5.5126	0.0473	41.393	0.4785	0.0006	1.0404
26.0	-120.0	-21.5206	-3.7592	-62.8721	0.2353	-0.0005	-2.9312
26.0	-119.5	-22.6465	-6.3355	-52.2671	0.2295	-0.0	-2.6465
26.0	-119.0	-21.5387	-7.6065	-31.3121	0.2118	-0.0	-3.0469
26.0	-118.5	-18.8028	-7.3505	-7.2435	0.2367	0.0006	-3.0452
26.0	-118.0	-15.2094	-11.5344	11.856	0.2423	0.0004	-4.1931
26.0	-117.5	-10.1375	-11.0908	28.4376	0.2521	-0.0009	-3.2879
26.0	-117.0	-7.8166	-4.5163	31.174	0.2445	-0.0004	-2.8319
26.0	-116.5	-7.7344	-3.4284	42.8401	0.2142	0.0005	-2.498
26.0	-116.0	-8.241	-1.5115	54.0599	0.1829	-0.0007	-3.3097
26.0	-115.5	-8.4812	-13.7586	72.0794	0.1144	0.0002	-3.2559
26.0	-115.0	-6.7272	-8.8665	105.0748	0.1149	-0.0004	-2.1355
26.0	-114.5	-5.1132	-7.8639	133.7559	0.1821	0.0003	-0.5851
26.0	-114.0	0.2644	-2.9914	118.6538	0.2435	0.0	1.5838
26.0	-113.5	8.1737	-1.1813	116.0168	0.1681	-0.0002	3.3963
26.0	-113.0	13.0638	1.2948	152.0241	0.1243	0.0	2.2902
26.0	-112.5	7.239	0.2689	126.4324	0.0324	0.0	6.579
26.0	-111.0	0.8441	-0.0527	208.359	0.0786	0.0	17.6849
26.0	-110.5	2.825	-0.7897	474.5914	0.187	0.0	19.9425
26.0	-110.0	3.1372	-1.6672	473.3369	0.231	0.0	23.6067
26.0	-109.5	2.3372	-1.1165	238.2645	0.1697	0.0	12.879
26.0	-97.0	16.6361	0.8307	-212.4541	0.0726	-0.0014	-1.1745
26.0	-96.5	24.3337	0.9553	-322.6004	0.1856	0.0003	-1.9138
26.0	-96.0	26.1846	1.1417	-235.7682	0.2773	0.0003	-1.3001
26.0	-95.5	26.3999	1.2538	-173.0712	0.3621	-0.0005	3.3909
26.0	-95.0	25.5607	1.1955	-164.0281	0.3864	-0.0002	3.6496
26.0	-94.5	26.1042	1.1257	-66.1133	0.4638	0.0003	10.6347
26.0	-94.0	26.6541	1.1593	79.6849	0.4719	-0.0002	9.972
26.0	-93.5	26.7021	0.997	180.4584	0.5328	-0.0003	6.8455
26.0	-93.0	25.8952	0.4322	208.6316	0.6833	-0.0027	1.1621
26.0	-92.5	25.1842	0.5948	194.0757	0.7723	-0.0043	0.7498
26.0	-92.0	23.9032	0.7668	163.4031	0.7911	-0.0008	-1.3648
26.0	-91.5	22.8298	0.7887	124.0305	0.7676	-0.0031	1.1969
26.0	-91.0	20.1273	0.6814	83.729	0.7615	-0.0003	-0.3428
26.0	-90.5	16.7044	0.446	77.218	0.7165	-0.0007	-2.458
26.0	-90.0	14.3946	0.5121	80.8298	0.6906	0.0002	-0.5348
26.0	-89.5	13.5374	0.204	83.4738	0.6009	-0.0002	2.2366
26.0	-89.0	12.8965	0.1907	61.903	0.5913	0.0005	2.5253
26.0	-88.5	11.8018	0.1142	58.92	0.6963	-0.0003	5.9281
26.0	-88.0	10.6885	-0.0449	47.2287	0.6647	0.0003	3.3414
26.0	-87.5	9.2508	-0.0643	59.9665	0.6904	-0.0001	2.9317
26.0	-87.0	7.6602	0.0752	58.0168	0.5913	0.0002	1.0004
26.0	-86.5	7.675	0.0922	35.3804	0.5327	0.0001	2.5456
26.0	-86.0	6.5766	0.3416	-10.0943	0.5276	0.0001	4.4757
26.0	-85.5	5.3762	0.5556	-24.9334	0.507	0.0	1.1967
26.0	-85.0	4.5128	0.2203	-17.4217	0.4153	0.0003	1.8057
26.5	-120.0	-19.4696	0.1125	-52.6744	0.2682	-0.0002	-4.9464
26.5	-119.5	-21.1563	-4.1818	-52.5781	0.2452	-0.0	-3.4782
26.5	-119.0	-19.6214	-4.7448	-45.5109	0.2071	-0.0	-3.3232
26.5	-118.5	-18.6835	-6.7461	-27.9454	0.205	-0.0001	-3.7181
26.5	-118.0	-15.9921	-7.941	-7.0035	0.2156	0.0001	-2.8322
26.5	-117.5	-11.2739	-8.052	16.821	0.2233	0.0002	-3.2175
26.5	-117.0	-8.246	-7.7075	26.0456	0.1907	0.0007	-3.4245
26.5	-116.5	-6.5455	-3.855	45.3679	0.168	0.0	-3.6839
26.5	-116.0	-6.6981	-10.7837	65.5596	0.1545	-0.0006	-4.2758
26.5	-115.5	-6.6099	-11.5471	89.7791	0.1381	0.0009	-3.6075
26.5	-115.0	-5.143	-7.6536	126.6144	0.0667	-0.0007	-2.504
26.5	-114.5	-0.3329	-7.3714	138.7475	0.1252	-0.0003	-2.6273
26.5	-114.0	7.8315	-5.256	126.2344	0.1508	0.0002	-0.2632
26.5	-113.5	13.0144	-0.8137	67.2417	0.169	0.0002	-0.5969
26.5	-113.0	15.5542	0.9846	112.6554	0.0294	0.0	-0.1471
26.5	-111.0	1.8192	-0.2463	535.721	0.163	0.0	20.0903
26.5	-110.5	2.9395	-0.9022	617.4957	0.2562	0.0	27.9697
26.5	-110.0	2.6101	-0.7575	478.3781	0.1799	0.0	28.0402
26.5	-109.5	1.4583	-0.6145	194.9883	0.0682	0.0	16.6132
26.5	-97.0	18.2598	1.0326	-314.9596	0.2584	-0.0	-4.5417
26.5	-96.5	23.7366	1.2822	-422.9688	0.2874	0.0003	-3.4182
26.5	-96.0	24.3375	1.1453	-361.5643	0.3007	-0.0002	0.1046
26.5	-95.5	24.9005	1.0667	-308.925	0.3177	-0.0003	-1.5265
26.5	-95.0	24.5114	0.7887	-274.3267	0.3668	0.0002	3.3004
26.5	-94.5	24.2392	0.7839	-172.2131	0.4594	-0.0	8.6251
26.5	-94.0	25.9913	0.6317	37.5415	0.5275	-0.0002	10.9155
26.5	-93.5	26.1473	0.5833	185.2005	0.576	-0.0013	12.5239
26.5	-93.0	25.1014	0.2643	275.2724	0.6757	-0.002	6.6748
26.5	-92.5	24.9335	0.2416	309.5075	0.7813	-0.0018	6.9038
26.5	-92.0	22.4811	0.3714	286.3486	0.8319	-0.0036	1.7972
26.5	-91.5	20.8679	0.5966	255.9285	0.7935	-0.0052	2.7777
26.5	-91.0	17.9259	0.9691	229.1997	0.7932	0.0002	5.0218
26.5	-90.5	15.5687	0.9582	203.9401	0.7421	0.0003	3.1695
26.5	-90.0	13.0563	0.7105	153.5741	0.6907	0.0009	1.7926
26.5	-89.5	10.8078	0.4456	97.3959	0.6558	0.0009	-0.8623
26.5	-89.0	10.0158	0.3728	4.3401	0.6141	-0.0004	-3.7615
26.5	-88.5	9.8821	0.4956	-17.0357	0.6074	-0.0004	0.507
26.5	-88.0	9.6285	0.3453	7.6225	0.6214	-0.0001	5.5218
26.5	-87.5	8.9442	-0.0327	28.6162	0.6522	0.0003	6.525
26.5	-87.0	7.2359	0.062	-5.2123	0.6267	0.0002	3.9112
26.5	-86.5	6.687	0.0616	-37.1205	0.4857	0.0002	2.983
26.5	-86.0	5.4968	0.1599	-67.7742	0.4574	0.0004	9.1472
26.5	-85.5	4.2172	0.3518	-56.003	0.408	-0.0002	2.137
26.5	-85.0	2.8413	0.3677	-32.0353	0.2926	0.0	1.7718
27.0	-120.0	-17.8916	1.2829	-38.9118	0.2668	0.0004	-4.7152
27.0	-119.5	-18.9311	-3.9004	-41.7206	0.2628	0.0003	-2.6631
27.0	-119.0	-19.141	-5.4352	-48.361	0.2544	-0.0	-1.9282
27.0	-118.5	-19.4896	-4.7548	-45.8311	0.2104	0.0009	-1.1662
27.0	-118.0	-16.8157	-6.2113	-20.9313	0.1832	0.0007	-0.72
27.0	-117.5	-10.0547	-8.0864	2.1291	0.1777	0.0005	-0.4836
27.0	-117.0	-9.0265	-8.0166	27.7823	0.2114	0.0006	-1.1178
27.0	-116.5	-6.0284	-9.161	44.3752	0.2008	0.0004	-2.1895
27.0	-116.0	-5.6501	-12.1039	55.6993	0.164	0.0012	-4.2866
27.0	-115.5	-5.6716	-9.6136	92.1916	0.1609	-0.0003	-6.0437
27.0	-115.0	-0.9852	-5.6573	136.9485	0.0955	-0.0003	-4.7488
27.0	-114.5	3.9938	-4.7866	129.0275	0.1318	-0.0004	-2.9822
27.0	-111.5	1.2235	-0.2497	422.8048	0.1039	0.0	16.0428
27.0	-111.0	2.3379	-0.3144	843.1139	0.1997	0.0	25.0414
27.0	-110.5	2.5359	-0.475	702.8904	0.1538	0.0	24.8559
27.0	-110.0	1.734	-0.5006	468.9089	0.0151	0.0	8.7939
27.0	-97.0	17.3901	0.7195	-479.2198	0.3327	0.0	-10.7293
27.0	-96.5	23.2875	1.1895	-487.8749	0.3003	0.0002	-4.8147
27.0	-96.0	24.5802	1.0952	-405.1785	0.2183	0.0004	-1.0775
27.0	-95.5	24.2123	0.8919	-420.6591	0.2813	0.0005	-3.6954
27.0	-95.0	23.6265	0.511	-366.1534	0.3363	0.0	0.1968
27.0	-94.5	23.7215	0.1948	-260.2346	0.3996	0.0	2.7852
27.0	-94.0	24.2879	0.3353	-118.2859	0.4696	0.0	7.4526
27.0	-93.5	25.1359	-0.0342	58.015	0.5646	0.0002	8.1029
27.0	-93.0	24.0362	0.0455	223.0326	0.5765	0.0002	8.1379
27.0	-92.5	22.8805	0.084	261.2846	0.6432	0.0003	5.421
27.0	-92.0	20.8826	0.0907	291.8938	0.7003	-0.0002	0.9057
27.0	-91.5	18.2272	0.3318	246.6815	0.7929	-0.0004	3.5528
27.0	-91.0	15.3365	0.7289	246.6159	0.7743	-0.0008	8.31
27.0	-90.5	13.3993	0.8886	234.6496	0.7539	-0.0003	6.5498
27.0	-90.0	11.8841	1.1016	176.3212	0.6516	0.0003	5.6781
27.0	-89.5	9.5185	0.73	72.2645	0.5705	0.0	2.122
27.0	-89.0	7.821	0.4238	24.3922	0.5309	0.0003	-1.6096
27.0	-88.5	8.0083	0.5153	4.4971	0.526	-0.0002	-3.4603
27.0	-88.0	8.1059	0.743	3.499	0.5727	0.0	1.3407
27.0	-87.5	7.9161	0.4869	2.1605	0.5609	0.0002	9.7436
27.0	-87.0	7.347	0.2698	-50.8627	0.5019	0.0	5.7475
27.0	-86.5	7.4385	0.1561	-83.9241	0.4732	-0.0002	-1.0487
27.0	-86.0	5.9783	0.1775	-54.5116	0.4334	0.0	1.0339
27.0	-85.5	4.0915	0.3341	-58.6687	0.2855	0.0002	0.5785
27.0	-85.0	2.4646	0.4501	-41.3972	0.1765	-0.0002	0.2333
27.5	-120.0	-16.3768	3.3733	-6.2186	0.2475	0.0	-3.3183
27.5	-119.5	-17.4071	-1.794	-25.8869	0.2742	0.0002	-1.6279
27.5	-119.0	-17.9956	-4.5127	-44.982	0.2562	-0.0	-0.0676
27.5	-118.5	-20.3464	-5.2885	-48.7126	0.2165	0.0007	-0.6152
27.5	-118.0	-19.1019	-6.2043	-35.9922	0.2122	0.0002	-0.3044
27.5	-117.5	-13.0195	-5.7219	-18.7747	0.1894	-0.0003	0.6936
27.5	-117.0	-10.0828	-3.2867	10.6015	0.2155	-0.0007	2.0446
27.5	-116.5	-7.9328	-5.4968	17.6084	0.2293	0.0003	1.3937
27.5	-116.0	-5.949	-12.6778	31.2025	0.2027	-0.0013	-0.7077
27.5	-115.5	-4.6901	-7.9713	64.9339	0.2084	0.0001	-4.234
27.5	-115.0	4.1198	-5.338	98.4541	0.208	0.0	-4.3393
27.5	-112.0	1.3838	-0.0562	336.0196	0.1546	0.0	13.3876
27.5	-111.5	1.8324	-0.0902	661.473	0.0961	0.0	18.5624
27.5	-111.0	1.75	-0.1674	762.1395	0.1669	0.0	26.6918
27.5	-97.0	12.902	0.6745	-362.8356	0.3086	0.0	-12.4364
27.5	-96.5	19.5854	0.989	-453.2974	0.2774	0.0	-5.9762
27.5	-96.0	22.2638	0.9576	-434.9211	0.2247	0.0	-4.4183
27.5	-95.5	22.3266	0.6324	-435.264	0.2528	-0.001	-0.1396
27.5	-95.0	22.625	0.7014	-398.6766	0.2553	0.0001	-1.8446
27.5	-94.5	22.2228	0.4619	-287.8404	0.3357	-0.0003	-0.7674
27.5	-94.0	22.022	0.1663	-151.3376	0.372	0.0003	1.0191
27.5	-93.5	22.8734	0.1859	-59.4634	0.4492	0.0001	0.0743
27.5	-93.0	22.435	0.4524	29.002	0.5251	-0.0	-0.1737
27.5	-92.5	21.1578	0.3478	70.9085	0.5374	0.0001	1.4775
27.5	-92.0	18.8041	0.2826	152.6901	0.5723	-0.0003	-0.9381
27.5	-91.5	16.0388	0.4681	137.5101	0.5853	-0.0017	4.59
27.5	-91.0	13.6051	0.4886	174.899	0.6433	-0.0012	8.183
27.5	-90.5	11.2532	0.6391	196.5732	0.6699	-0.0009	9.3654
27.5	-90.0	10.2099	0.956	130.531	0.5699	0.0	7.098
27.5	-89.5	8.7845	0.9676	88.091	0.5106	0.0002	3.6941
27.5	-89.0	7.6507	0.8612	47.9097	0.4706	-0.0001	-1.3643
27.5	-88.5	6.1777	0.59	24.1216	0.441	0.0004	-3.4198
27.5	-88.0	6.2643	0.6892	18.8803	0.4794	-0.0004	-2.4277
27.5	-87.5	5.7172	0.6223	-2.7603	0.4462	-0.0007	4.2553
27.5	-87.0	5.8047	0.4857	-56.6663	0.446	-0.0004	3.6198
27.5	-86.5	5.2569	0.2431	-90.1548	0.4257	0.0	-0.9303
27.5	-86.0	4.5478	0.1034	-71.7031	0.3784	0.0	-1.7352
27.5	-85.5	3.4714	0.22	-60.3073	0.2312	0.0001	-0.5368
27.5	-85.0	2.0484	0.2322	-49.7357	0.1062	-0.0003	2.6395
28.0	-120.0	-17.0827	8.3455	-2.6469	0.2108	-0.0003	-2.4832
28.0	-119.5	-16.6189	8.5453	-20.8083	0.2525	0.0	-0.1059
28.0	-119.0	-17.8079	3.5601	-45.446	0.2534	-0.0002	0.8503
28.0	-118.5	-18.6116	-1.4099	-43.5722	0.2233	0.0	0.7364
28.0	-118.0	-14.3436	-2.9638	-58.9314	0.1945	-0.0003	-0.0895
28.0	-117.5	-11.5199	-3.816	-18.0937	0.2021	-0.0016	0.2236
28.0	-117.0	-9.3102	-4.2478	12.2007	0.2172	0.0011	0.4991
28.0	-116.5	-9.1583	-5.3852	-1.9717	0.2519	-0.0005	1.6158
28.0	-116.0	-8.5277	-10.7463	25.6491	0.2376	0.0003	1.0076
28.0	-115.5	-5.4411	-12.04	73.2211	0.2192	0.0011	-0.2572
28.0	-115.0	-0.3758	-4.5059	73.4696	0.2718	-0.0001	-0.1321
28.0	-114.5	-3.4537	-3.9319	95.6736	0.2226	0.0	0.8287
28.0	-112.5	1.1404	0.0036	292.8872	0.1471	0.0	18.3521
28.0	-112.0	1.9658	-0.0548	464.1356	0.2229	0.0	21.6756
28.0	-111.5	1.6325	-0.0544	556.5822	0.1738	0.0	25.8693
28.0	-96.5	11.4785	0.4062	-318.6122	0.3091	0.0	-4.8838
28.0	-96.0	16.517	0.7168	-416.0132	0.2593	-0.0007	2.207
28.0	-95.5	19.0777	0.5238	-387.3117	0.2839	0.0004	-0.5356
28.0	-95.0	19.9207	0.5819	-366.4478	0.2943	-0.0002	1.3036
28.0	-94.5	19.5705	0.582	-295.7357	0.3246	0.0	-1.7438
28.0	-94.0	18.7608	0.523	-214.8368	0.3725	-0.0001	-0.6663
28.0	-93.5	20.3029	0.4256	-131.6624	0.439	0.0002	-2.1002
28.0	-93.0	20.4239	0.3992	-68.7746	0.507	0.0002	0.3547
28.0	-92.5	19.9574	0.7235	-42.8279	0.4713	-0.0004	-4.2621
28.0	-92.0	17.9149	0.6903	-4.2662	0.5303	-0.0002	0.8847
28.0	-91.5	16.3934	0.6654	37.1402	0.5626	-0.0005	3.9313
28.0	-91.0	13.7253	0.6933	105.532	0.5252	-0.0006	12.5569
28.0	-90.5	11.0047	0.7658	75.4836	0.4646	0.0002	10.8758
28.0	-90.0	9.8941	0.7145	-29.6043	0.3922	0.0002	6.4791
28.0	-89.5	8.7053	0.9148	-67.242	0.3855	-0.0002	4.4172
28.0	-89.0	7.3166	0.9061	-21.0306	0.3794	-0.0	0.4133
28.0	-88.5	6.5902	0.6216	40.4997	0.3847	0.0002	1.8982
28.0	-88.0	5.727	0.7184	60.4877	0.3996	0.0003	0.3947
28.0	-87.5	4.3293	0.5777	69.5315	0.3338	0.0002	2.9602
28.0	-87.0	3.7447	0.5521	26.428	0.3007	0.0001	0.8999
28.0	-86.5	3.5881	0.4503	-30.5549	0.3287	-0.0002	6.9118
28.0	-86.0	2.5164	0.2329	-54.7987	0.2516	0.0003	2.8381
28.0	-85.5	1.2801	0.0472	-59.803	0.1598	0.0	-0.7622
28.0	-85.0	0.8451	0.0104	-58.7262	0.1157	0.0002	0.8451
28.5	-120.0	-17.7025	10.0345	-44.299	0.2025	-0.0007	-0.44
28.5	-119.5	-19.1821	11.1078	-61.7177	0.2367	0.0	1.2717
28.5	-119.0	-19.4616	8.8527	-84.9963	0.2131	0.0	1.8257
28.5	-118.5	-16.6919	2.7072	-62.953	0.1813	-0.0004	1.7031
28.5	-118.0	-7.7635	-3.6139	-88.3366	0.1597	0.0001	1.3862
28.5	-117.5	-6.0653	-5.37	-80.5539	0.1374	-0.0005	-0.0453
28.5	-117.0	-5.5177	-5.0615	-68.2953	0.1809	0.001	-2.1855
28.5	-116.5	-7.864	-5.1739	-26.2361	0.2326	-0.0009	-2.0529
28.5	-116.0	-9.5265	-2.7102	-0.4388	0.2419	-0.001	-0.0544
28.5	-115.5	-19.1574	-6.6853	104.1061	0.2548	-0.0004	1.2647
28.5	-115.0	-12.2005	-5.6584	151.206	0.2021	-0.0	2.6551
28.5	-114.5	-11.4077	-4.6327	147.7984	0.2117	0.0	4.9492
28.5	-113.0	0.8008	0.0055	129.69	0.0682	0.0	6.5092
28.5	-112.5	1.8808	-0.0695	381.696	0.3212	0.0	18.3475
28.5	-112.0	1.901	-0.0662	446.0928	0.2687	0.0	19.5292
28.5	-96.0	5.2968	0.0898	-102.7637	0.2139	0.0002	-1.5601
28.5	-95.5	9.538	0.2145	-245.7938	0.1341	-0.0003	1.0312
28.5	-95.0	12.9149	0.4989	-279.2871	0.2597	0.0003	3.7957
28.5	-94.5	14.5525	0.629	-267.7222	0.3689	0.0	-1.8891
28.5	-94.0	15.3285	0.6595	-221.9182	0.3966	0.0004	0.638
28.5	-93.5	15.3155	0.5672	-164.2825	0.5024	0.0	-0.8748
28.5	-93.0	15.6422	0.3778	-112.3229	0.5622	0.0004	1.5723
28.5	-92.5	15.5912	0.3597	-42.9602	0.5288	0.0004	-1.632
28.5	-92.0	14.2091	0.4007	-1.211	0.4785	-0.0002	-2.1094
28.5	-91.5	11.8516	0.5347	53.965	0.4475	0.0	1.1582
28.5	-91.0	10.796	0.6755	65.6449	0.3924	0.0002	7.4448
28.5	-90.5	9.4309	0.6652	103.6657	0.3277	0.0	7.4742
28.5	-90.0	8.678	0.7254	20.3328	0.3065	-0.0	3.496
28.5	-89.5	7.927	0.7999	-42.0383	0.305	-0.0003	4.4202
28.5	-89.0	7.5048	0.9044	-53.2924	0.3351	0.0	-0.2205
28.5	-88.5	6.8804	0.7627	10.9416	0.3963	-0.0001	4.0001
28.5	-88.0	6.0034	0.6374	55.1218	0.3762	0.0005	2.1371
28.5	-87.5	5.4021	0.5974	72.242	0.277	0.0004	2.753
28.5	-87.0	4.3993	0.4696	28.5928	0.2617	0.0	1.305
28.5	-86.5	3.073	0.3251	18.1215	0.2473	0.0002	4.4385
28.5	-86.0	1.904	0.1587	19.9238	0.1409	0.0	9.9353
28.5	-85.5	1.1972	0.137	49.2333	0.0594	0.0001	4.6948
28.5	-85.0	0.2552	0.1245	8.7726	0.0853	-0.0004	1.9998
29.0	-120.0	-20.4438	12.1768	-134.4593	0.2325	0.0003	0.504
29.0	-119.5	-19.571	12.8072	-150.5977	0.2411	0.0	2.2608
29.0	-119.0	-18.9127	11.2389	-153.6741	0.1871	0.0004	2.9965
29.0	-118.5	-16.6916	7.9154	-116.6135	0.1711	-0.0006	2.6819
29.0	-118.0	-2.7918	-4.3828	-101.9049	0.0738	0.0006	0.3307
29.0	-117.5	-6.8989	-3.5444	-112.0757	0.032	0.0003	-0.3584
29.0	-117.0	-7.956	-3.3628	-105.8226	0.0727	-0.0007	-1.3655
29.0	-116.5	-10.2946	-0.5363	-30.6029	0.115	-0.0001	-0.9659
29.0	-116.0	-12.2119	3.3408	28.8652	0.1343	0.0008	-0.0994
29.0	-115.5	-17.134	-10.0753	116.0473	0.2269	0.0002	0.5999
29.0	-115.0	-7.0563	-4.8748	158.8367	0.2121	0.0	7.6779
29.0	-113.0	0.9623	0.0614	81.706	0.171	0.0	9.4698
29.0	-94.5	6.346	0.3923	-167.5128	0.2561	0.0	0.78
29.0	-94.0	6.5668	0.3742	-151.933	0.3474	0.0	0.8203
29.0	-93.5	6.6968	0.3261	-128.9034	0.4018	0.0001	3.3514
29.0	-93.0	7.178	0.182	-107.1528	0.4854	0.0001	1.4234
29.0	-92.5	7.7301	0.099	-71.822	0.4661	0.0	2.1403
29.0	-92.0	4.4998	0.063	-45.912	0.3495	-0.0002	-1.6849
29.0	-91.5	2.6729	0.0589	14.2566	0.1899	0.0	1.818
29.0	-91.0	2.8266	0.0393	82.6203	0.2225	0.0	1.8612
29.0	-90.5	2.433	0.1151	132.1634	0.2751	0.0	8.6321
29.0	-90.0	4.4733	0.3192	159.1972	0.2334	0.0	8.6106
29.0	-89.5	4.0407	0.2939	136.9288	0.1363	0.0	9.51
29.0	-89.0	5.1724	0.5293	67.0369	0.1784	0.0001	6.7589
29.0	-88.5	6.1441	0.5835	60.5747	0.2923	0.0	2.4273
29.0	-88.0	6.282	0.6171	74.6242	0.2687	-0.0	4.951
29.0	-87.5	6.1957	0.667	81.9435	0.2552	0.0002	4.506
29.0	-87.0	5.496	0.5187	112.1456	0.214	0.0	5.8598
29.0	-86.5	3.9172	0.4464	161.2285	0.1885	0.0	4.9394
29.0	-86.0	2.41	0.3842	155.7471	0.0924	-0.0002	11.096
29.0	-85.5	0.8507	0.3825	128.8187	0.0365	0.0002	12.7017
29.0	-85.0	-0.2561	0.3215	99.711	0.0173	-0.0002	4.7531
29.5	-120.0	-19.6713	15.3519	-228.4208	0.2241	0.0	0.8202
29.5	-119.5	-20.1763	14.1313	-234.9647	0.2125	0.0007	3.028
29.5	-119.0	-19.6535	14.3648	-204.4938	0.1947	-0.0	3.798
29.5	-118.5	-26.3633	9.3253	-185.0583	0.1518	-0.0006	2.432
29.5	-118.0	-26.6346	4.6835	-148.1092	0.083	0.0	1.9899
29.5	-117.5	-22.1091	2.6816	-121.8373	0.0177	0.0	0.0189
29.5	-117.0	-20.5609	-3.0007	-79.3059	-0.0242	0.0	0.2451
29.5	-116.5	-17.4319	0.6656	19.4076	0.0546	0.0003	1.9719
29.5	-116.0	-13.64	1.1376	67.6912	0.065	0.0	-0.3232
29.5	-115.5	-5.8787	-0.9402	131.1601	0.0625	0.0003	-0.1334
29.5	-113.0	1.1974	0.0307	-55.1893	0.2605	0.0	6.8705
29.5	-112.5	0.6512	0.0362	-66.3531	0.1111	0.0	7.1744
29.5	-94.0	2.2149	0.1456	-66.1123	0.177	0.0	2.4916
29.5	-93.5	2.6392	0.1874	-71.5229	0.2706	0.0	1.5746
29.5	-93.0	2.0238	0.1208	-58.4759	0.2168	0.0	3.5869
29.5	-92.5	1.0206	0.0951	-35.7472	0.1174	0.0	1.0552
29.5	-92.0	0.5672	0.0724	-30.5017	0.0727	-0.0002	-0.5416
29.5	-89.0	2.7309	0.2134	47.5426	0.0308	0.0	7.2998
29.5	-88.5	4.5058	0.362	55.0574	0.1077	0.0	7.0879
29.5	-88.0	4.9053	0.3744	82.1832	0.1142	0.0	2.8096
29.5	-87.5	5.1732	0.3506	189.5707	0.1651	0.0	3.0245
29.5	-87.0	4.5644	0.3714	281.5241	0.1967	0.0001	10.5135
29.5	-86.5	3.6462	0.3771	253.1397	0.1569	0.0	11.1654
29.5	-86.0	2.1784	0.3228	229.6898	0.0548	0.0	12.6803
29.5	-85.5	0.6981	0.1699	161.3641	-0.034	0.0	12.4455
29.5	-85.0	-0.1985	0.1348	144.9817	-0.1366	0.0	8.864
30.0	-120.0	-17.1523	18.1944	-254.1067	0.2259	-0.0002	0.6951
30.0	-119.5	-19.525	16.1279	-262.7037	0.195	-0.0002	2.2371
30.0	-119.0	-19.1307	15.4166	-204.5084	0.1801	0.0	2.9989
30.0	-118.5	-21.4945	13.2278	-152.0735	0.1628	0.0004	2.2593
30.0	-118.0	-25.0774	9.3029	-142.3512	0.0574	0.0	2.9087
30.0	-117.5	-20.7162	2.6572	-125.4079	0.0083	0.0	2.8926
30.0	-117.0	-18.661	2.7332	-95.4864	-0.0428	0.0	1.8926
30.0	-116.5	-17.0114	0.5152	7.0645	-0.024	0.0	1.854
30.0	-116.0	-11.9235	0.1767	54.9645	0.0457	0.0	-0.402
30.0	-114.0	1.092	0.0175	-352.71	0.0654	0.0	-9.7501
30.0	-113.5	1.4069	0.0358	-251.8228	0.2067	0.0	-1.5247
30.0	-113.0	1.4826	-0.0221	-88.1494	0.2735	0.0	7.2965
30.0	-89.0	1.1334	0.062	27.223	0.0114	0.0	-1.5436
30.0	-88.5	2.2058	0.1797	28.6944	0.0173	0.0	-0.2015
30.0	-88.0	2.2368	0.1934	52.1314	0.009	0.0004	2.9449
30.0	-87.5	2.2877	0.224	125.117	0.0351	0.0	4.7305
30.0	-87.0	2.6621	0.2194	200.135	0.0622	0.0	10.5544
30.0	-86.5	2.3656	0.1645	168.3498	0.0234	0.0001	6.6111
30.0	-86.0	1.3823	0.0258	76.2022	-0.0233	-0.0002	9.5102
30.5	-120.0	-16.8115	20.409	-235.1518	0.2353	0.0	1.0629
30.5	-119.5	-16.5068	17.9178	-247.407	0.1933	0.0002	0.9417
30.5	-119.0	-18.8936	18.5388	-212.1718	0.1678	0.0	1.0933
30.5	-118.5	-20.6807	15.7704	-131.7908	0.1551	0.0	1.9103
30.5	-118.0	-20.2464	14.0022	-117.1318	0.0852	0.0	1.9205
30.5	-117.5	-17.1716	7.9762	-111.5851	-0.0044	0.0	3.3111
30.5	-117.0	-18.5435	3.3791	-89.0211	-0.0628	0.0	2.9085
30.5	-116.5	-15.7454	1.898	-26.0937	-0.16	0.0	1.9194
30.5	-114.5	0.8246	-0.0055	-254.9086	0.061	0.0	-12.3939
30.5	-114.0	1.2134	-0.0051	-318.4322	0.1579	0.0	-10.79
30.5	-113.5	1.2785	0.0178	-183.8846	0.2355	0.0	-2.2004
30.5	-113.0	0.9	0.0066	-24.6517	0.133	0.0	9.1672
31.0	-120.0	-16.8438	19.9398	-273.0939	0.2753	0.0	4.7749
31.0	-119.5	-16.4188	21.1805	-281.5006	0.2201	0.0	2.5328
31.0	-119.0	-18.7167	18.2011	-207.6094	0.1517	0.0	1.6891
31.0	-118.5	-17.804	16.6382	-172.3391	0.1327	0.0	0.9498
31.0	-118.0	-19.3006	12.9182	-143.1356	0.0501	0.0	0.839
31.0	-117.5	-17.1549	10.0844	-125.5515	-0.0278	0.0	1.0937
31.0	-117.0	-19.7549	6.3691	-101.0644	-0.1403	0.0	0.0195
31.0	-116.5	-14.1913	0.4515	-50.6621	-0.1312	0.0	-1.5457
31.0	-114.5	0.7233	-0.0243	-174.1777	0.1301	0.0	-8.332
31.0	-114.0	1.4079	-0.0019	-107.6343	0.2919	0.0	-5.1631
31.0	-113.5	0.9644	0.0174	-46.6613	0.251	0.0	-0.5356
31.5	-120.0	-16.3372	15.5556	-345.5074	0.3256	0.0	5.2895
31.5	-119.5	-16.0069	16.8314	-289.5841	0.2183	0.0001	3.5068
31.5	-119.0	-16.5532	16.4829	-187.658	0.1185	0.0	2.8063
31.5	-118.5	-17.0887	14.7574	-106.7892	0.0562	0.0	-0.081
31.5	-118.0	-18.0133	8.2222	-78.4763	-0.0445	0.0	-0.6742
31.5	-117.5	-15.8536	6.7533	-73.6899	-0.088	0.0	-0.5007
31.5	-117.0	-13.1849	4.5403	-59.2892	-0.1674	0.0	-1.0616
31.5	-114.5	0.0973	-0.0054	3.9799	0.1231	0.0	-2.5466
32.0	-120.0	-18.4809	19.3643	-404.1396	0.2688	0.0	3.6531
32.0	-119.5	-16.9923	15.8047	-293.6661	0.1654	-0.0	3.7563
32.0	-119.0	-15.8862	13.1486	-123.9932	0.0452	0.0	0.9686
32.0	-118.5	-14.41	9.424	6.0249	-0.0329	0.0	-0.5778
32.0	-118.0	-11.9468	8.9802	36.8016	-0.0866	0.0	-0.5679
32.0	-117.5	-9.929	5.853	28.303	-0.1251	0.0	-1.5355
32.0	-117.0	-8.1117	-0.4961	27.464	-0.0635	0.0	-4.0702
32.5	-120.0	-22.0759	17.6795	-386.1504	0.1867	0.0	4.4255
32.5	-119.5	-19.9031	14.4049	-235.5368	0.0381	0.0	4.9526
32.5	-119.0	-18.1242	7.0566	-33.1513	-0.0476	0.0	4.3821
32.5	-118.5	-9.626	6.7783	111.1167	-0.1028	0.0	2.3001
32.5	-118.0	-4.4606	5.6495	92.3102	-0.1052	0.0	1.2738
32.5	-117.5	1.7191	0.3468	69.7973	-0.0751	0.0	-1.1624
33.0	-120.0	-17.5951	11.9543	-308.719	0.1301	0.0	8.1196
33.0	-119.5	-7.6424	4.0957	-106.5296	-0.0311	0.0	7.7688
33.0	-119.0	0.7978	0.3398	84.9045	-0.099	0.0	7.6214
33.0	-118.5	0.8854	0.0438	77.9368	-0.1269	0.0	6.7582
33.0	-118.0	4.3535	-0.6113	26.5428	-0.0777	0.0	1.8278
33.0	-117.5	6.2477	1.9812	12.891	-0.0384	0.0	-1.5355
