lat	lon	cMin	cMed	cMax
14.0	-120.0	4	2	5
14.0	-119.5	4	2	5
14.0	-119.0	4	2	5
14.0	-118.5	4	2	5
14.0	-118.0	4	2	5
14.0	-117.5	4	2	5
14.0	-117.0	4	2	5
14.0	-116.5	4	2	5
14.0	-116.0	4	2	5
14.0	-115.5	4	2	5
14.0	-115.0	3	2	5
14.0	-114.5	1	2	5
14.0	-114.0	1	2	5
14.0	-113.5	1	2	5
14.0	-113.0	1	2	5
14.0	-112.5	4	2	5
14.0	-112.0	4	2	5
14.0	-111.5	4	2	5
14.0	-111.0	4	2	5
14.0	-110.5	4	2	5
14.0	-110.0	1	2	5
14.0	-109.5	1	2	5
14.0	-109.0	1	2	5
14.0	-108.5	1	2	5
14.0	-108.0	1	2	5
14.0	-107.5	1	2	5
14.0	-107.0	1	2	5
14.0	-106.5	1	2	5
14.0	-106.0	4	2	5
14.0	-105.5	4	2	5
14.0	-105.0	4	2	5
14.0	-104.5	2	2	5
14.0	-104.0	2	2	5
14.0	-103.5	2	2	5
14.0	-103.0	2	2	5
14.0	-102.5	2	2	5
14.0	-102.0	2	2	5
14.0	-101.5	2	2	5
14.0	-101.0	2	2	5
14.0	-100.5	2	2	5
14.0	-100.0	2	1	5
14.0	-99.5	2	1	5
14.0	-99.0	2	1	5
14.0	-98.5	2	1	5
14.0	-98.0	2	1	5
14.0	-97.5	2	1	5
14.0	-97.0	2	1	5
14.0	-96.5	2	1	5
14.0	-96.0	4	1	5
14.0	-95.5	2	1	5
14.0	-95.0	4	1	5
14.0	-94.5	4	1	5
14.0	-94.0	2	1	5
14.0	-93.5	2	1	5
14.0	-93.0	2	1	5
14.0	-92.5	4	1	5
14.0	-92.0	4	1	5
14.0	-91.5	4	1	5
14.5	-120.0	4	2	5
14.5	-119.5	4	2	5
14.5	-119.0	4	2	5
14.5	-118.5	4	2	5
14.5	-118.0	4	2	5
14.5	-117.5	3	2	5
14.5	-117.0	4	2	5
14.5	-116.5	4	2	5
14.5	-116.0	4	2	5
14.5	-115.5	4	2	5
14.5	-115.0	4	2	5
14.5	-114.5	3	2	5
14.5	-114.0	1	2	5
14.5	-113.5	1	2	5
14.5	-113.0	4	2	5
14.5	-112.5	4	2	5
14.5	-112.0	4	2	5
14.5	-111.5	4	2	5
14.5	-111.0	4	2	5
14.5	-110.5	4	2	5
14.5	-110.0	4	2	5
14.5	-109.5	4	2	5
14.5	-109.0	4	2	5
14.5	-108.5	1	2	5
14.5	-108.0	1	2	5
14.5	-107.5	1	2	5
14.5	-107.0	1	2	5
14.5	-106.5	1	2	5
14.5	-106.0	1	2	5
14.5	-105.5	4	2	5
14.5	-105.0	4	2	5
14.5	-104.5	4	2	5
14.5	-104.0	2	2	5
14.5	-103.5	2	2	5
14.5	-103.0	2	2	5
14.5	-102.5	2	2	5
14.5	-102.0	2	2	5
14.5	-101.5	2	2	5
14.5	-101.0	2	2	5
14.5	-100.5	2	1	5
14.5	-100.0	2	1	5
14.5	-99.5	2	1	5
14.5	-99.0	2	1	5
14.5	-98.5	2	1	5
14.5	-98.0	2	1	5
14.5	-97.5	2	1	5
14.5	-97.0	2	1	5
14.5	-96.5	2	1	5
14.5	-96.0	4	1	5
14.5	-95.5	4	1	5
14.5	-95.0	2	1	5
14.5	-94.5	2	1	5
14.5	-94.0	2	1	5
14.5	-93.5	2	1	5
14.5	-93.0	4	1	5
14.5	-92.5	4	1	5
15.0	-120.0	4	2	5
15.0	-119.5	4	2	5
15.0	-119.0	4	2	5
15.0	-118.5	4	2	5
15.0	-118.0	4	2	5
15.0	-117.5	3	2	5
15.0	-117.0	3	2	5
15.0	-116.5	4	2	5
15.0	-116.0	4	2	5
15.0	-115.5	4	2	5
15.0	-115.0	4	2	5
15.0	-114.5	3	2	5
15.0	-114.0	4	2	5
15.0	-113.5	4	2	5
15.0	-113.0	4	2	5
15.0	-112.5	4	2	5
15.0	-112.0	4	2	5
15.0	-111.5	4	2	5
15.0	-111.0	4	2	5
15.0	-110.5	4	2	5
15.0	-110.0	4	2	5
15.0	-109.5	4	2	5
15.0	-109.0	1	2	5
15.0	-108.5	4	2	5
15.0	-108.0	4	2	5
15.0	-107.5	4	2	5
15.0	-107.0	4	2	5
15.0	-106.5	4	2	5
15.0	-106.0	4	2	5
15.0	-105.5	4	2	5
15.0	-105.0	4	2	5
15.0	-104.5	2	2	5
15.0	-104.0	2	2	5
15.0	-103.5	2	2	5
15.0	-103.0	2	2	5
15.0	-102.5	2	2	5
15.0	-102.0	2	2	5
15.0	-101.5	2	2	5
15.0	-101.0	2	1	5
15.0	-100.5	2	1	5
15.0	-100.0	2	1	5
15.0	-99.5	2	1	5
15.0	-99.0	2	1	5
15.0	-98.5	4	1	5
15.0	-98.0	2	1	5
15.0	-97.5	2	1	5
15.0	-97.0	2	1	5
15.0	-96.5	2	1	5
15.0	-96.0	2	1	5
15.0	-95.5	2	1	2
15.0	-95.0	2	1	5
15.0	-94.5	2	1	5
15.0	-94.0	2	1	5
15.0	-93.5	4	1	5
15.0	-93.0	4	1	5
15.5	-120.0	4	2	5
15.5	-119.5	4	2	5
15.5	-119.0	4	2	5
15.5	-118.5	4	2	5
15.5	-118.0	4	2	5
15.5	-117.5	3	2	5
15.5	-117.0	3	2	5
15.5	-116.5	2	2	5
15.5	-116.0	4	2	5
15.5	-115.5	4	2	5
15.5	-115.0	4	2	5
15.5	-114.5	4	2	5
15.5	-114.0	4	2	5
15.5	-113.5	3	2	5
15.5	-113.0	3	2	5
15.5	-112.5	3	2	5
15.5	-112.0	4	2	5
15.5	-111.5	4	2	5
15.5	-111.0	4	2	5
15.5	-110.5	4	2	5
15.5	-110.0	4	2	5
15.5	-109.5	4	2	5
15.5	-109.0	4	2	5
15.5	-108.5	4	2	5
15.5	-108.0	4	2	5
15.5	-107.5	4	2	5
15.5	-107.0	4	2	5
15.5	-106.5	4	2	5
15.5	-106.0	4	2	5
15.5	-105.5	4	2	5
15.5	-105.0	4	2	5
15.5	-104.5	2	2	5
15.5	-104.0	2	2	5
15.5	-103.5	2	2	5
15.5	-103.0	2	2	5
15.5	-102.5	2	2	5
15.5	-102.0	2	1	5
15.5	-101.5	2	1	5
15.5	-101.0	2	1	5
15.5	-100.5	2	1	5
15.5	-100.0	4	1	5
15.5	-99.5	4	1	5
15.5	-99.0	4	1	5
15.5	-98.5	4	1	5
15.5	-98.0	1	1	5
15.5	-97.5	4	1	5
15.5	-97.0	4	1	5
15.5	-96.5	4	1	5
15.5	-96.0	2	1	5
15.5	-95.5	2	1	5
15.5	-95.0	2	1	5
15.5	-94.5	2	1	5
15.5	-94.0	2	1	5
15.5	-93.5	4	1	5
16.0	-120.0	3	2	5
16.0	-119.5	4	2	5
16.0	-119.0	4	2	5
16.0	-118.5	4	2	5
16.0	-118.0	4	2	5
16.0	-117.5	4	2	5
16.0	-117.0	3	2	5
16.0	-116.5	3	2	5
16.0	-116.0	3	2	5
16.0	-115.5	3	2	5
16.0	-115.0	3	2	5
16.0	-114.5	4	2	5
16.0	-114.0	3	2	5
16.0	-113.5	3	2	5
16.0	-113.0	4	2	5
16.0	-112.5	3	2	5
16.0	-112.0	4	2	5
16.0	-111.5	4	2	5
16.0	-111.0	4	2	5
16.0	-110.5	4	2	5
16.0	-110.0	4	2	5
16.0	-109.5	4	2	5
16.0	-109.0	4	2	5
16.0	-108.5	4	2	5
16.0	-108.0	4	2	5
16.0	-107.5	4	2	5
16.0	-107.0	4	2	5
16.0	-106.5	4	2	5
16.0	-106.0	4	2	5
16.0	-105.5	4	2	5
16.0	-105.0	4	2	5
16.0	-104.5	4	2	5
16.0	-104.0	4	2	5
16.0	-103.5	4	2	5
16.0	-103.0	4	2	5
16.0	-102.5	4	1	5
16.0	-102.0	2	1	5
16.0	-101.5	2	1	5
16.0	-101.0	2	1	5
16.0	-100.5	4	1	5
16.0	-100.0	4	1	5
16.0	-99.5	4	1	5
16.0	-99.0	4	1	5
16.0	-98.5	4	1	5
16.0	-98.0	4	1	5
16.0	-95.0	2	1	5
16.0	-94.5	2	1	5
16.0	-94.0	4	1	5
16.0	-88.5	7	1	5
16.0	-88.0	7	1	5
16.0	-87.5	7	1	5
16.0	-87.0	7	1	4
16.0	-86.5	7	1	4
16.0	-85.5	7	1	4
16.5	-120.0	1	2	5
16.5	-119.5	4	2	5
16.5	-119.0	3	2	5
16.5	-118.5	3	2	5
16.5	-118.0	4	2	5
16.5	-117.5	4	2	5
16.5	-117.0	4	2	5
16.5	-116.5	4	2	5
16.5	-116.0	4	2	5
16.5	-115.5	3	2	5
16.5	-115.0	3	2	5
16.5	-114.5	3	2	5
16.5	-114.0	3	2	5
16.5	-113.5	4	2	5
16.5	-113.0	4	2	5
16.5	-112.5	4	2	5
16.5	-112.0	4	2	5
16.5	-111.5	4	2	5
16.5	-111.0	1	2	5
16.5	-110.5	1	2	5
16.5	-110.0	4	2	5
16.5	-109.5	4	2	5
16.5	-109.0	4	2	5
16.5	-108.5	4	2	5
16.5	-108.0	4	2	5
16.5	-107.5	4	2	5
16.5	-107.0	4	2	5
16.5	-106.5	4	2	1
16.5	-106.0	4	2	5
16.5	-105.5	4	2	5
16.5	-105.0	4	2	5
16.5	-104.5	4	2	5
16.5	-104.0	4	2	5
16.5	-103.5	4	2	5
16.5	-103.0	4	1	5
16.5	-102.5	4	1	5
16.5	-102.0	4	1	5
16.5	-101.5	4	1	5
16.5	-101.0	4	1	5
16.5	-100.5	1	1	5
16.5	-100.0	4	1	5
16.5	-99.5	4	1	5
16.5	-99.0	4	1	5
16.5	-88.0	7	1	1
16.5	-87.5	7	1	4
16.5	-87.0	7	1	4
16.5	-86.5	7	1	4
16.5	-86.0	7	1	4
16.5	-85.5	7	1	4
16.5	-85.0	7	1	4
17.0	-120.0	1	2	5
17.0	-119.5	1	2	5
17.0	-119.0	4	2	5
17.0	-118.5	4	2	5
17.0	-118.0	3	2	5
17.0	-117.5	4	2	5
17.0	-117.0	4	2	5
17.0	-116.5	2	2	5
17.0	-116.0	4	2	5
17.0	-115.5	2	2	5
17.0	-115.0	4	2	5
17.0	-114.5	4	2	5
17.0	-114.0	4	2	5
17.0	-113.5	4	2	5
17.0	-113.0	4	2	5
17.0	-112.5	4	2	5
17.0	-112.0	4	2	5
17.0	-111.5	1	2	5
17.0	-111.0	1	2	2
17.0	-110.5	1	2	2
17.0	-110.0	1	2	2
17.0	-109.5	1	2	5
17.0	-109.0	4	2	5
17.0	-108.5	4	2	5
17.0	-108.0	4	2	1
17.0	-107.5	4	2	1
17.0	-107.0	4	2	1
17.0	-106.5	1	2	1
17.0	-106.0	1	2	5
17.0	-105.5	1	2	5
17.0	-105.0	1	2	5
17.0	-104.5	4	2	5
17.0	-104.0	4	2	5
17.0	-103.5	4	1	5
17.0	-103.0	4	1	5
17.0	-102.5	4	1	5
17.0	-102.0	4	1	5
17.0	-101.5	1	1	5
17.0	-101.0	4	1	5
17.0	-100.5	4	1	5
17.0	-88.0	7	1	1
17.0	-87.5	7	1	1
17.0	-87.0	7	1	1
17.0	-86.5	7	1	1
17.0	-86.0	7	1	1
17.0	-85.5	7	1	1
17.0	-85.0	7	1	1
17.5	-120.0	1	2	5
17.5	-119.5	1	2	5
17.5	-119.0	1	2	5
17.5	-118.5	1	2	5
17.5	-118.0	4	2	5
17.5	-117.5	4	2	5
17.5	-117.0	4	2	5
17.5	-116.5	4	2	5
17.5	-116.0	4	2	5
17.5	-115.5	4	2	5
17.5	-115.0	4	2	5
17.5	-114.5	4	2	5
17.5	-114.0	4	2	5
17.5	-113.5	4	2	5
17.5	-113.0	4	2	5
17.5	-112.5	1	2	2
17.5	-112.0	1	2	2
17.5	-111.5	1	2	2
17.5	-111.0	1	2	2
17.5	-110.5	1	2	2
17.5	-110.0	1	2	2
17.5	-109.5	1	2	5
17.5	-109.0	1	2	5
17.5	-108.5	1	2	5
17.5	-108.0	1	2	5
17.5	-107.5	1	2	1
17.5	-107.0	1	2	1
17.5	-106.5	1	2	1
17.5	-106.0	1	2	5
17.5	-105.5	1	2	5
17.5	-105.0	1	1	5
17.5	-104.5	1	1	5
17.5	-104.0	4	1	5
17.5	-103.5	4	1	5
17.5	-103.0	4	1	5
17.5	-102.5	4	1	5
17.5	-102.0	1	1	5
17.5	-101.5	4	1	5
17.5	-88.0	7	1	1
17.5	-87.5	7	1	1
17.5	-87.0	7	1	1
17.5	-86.5	7	1	1
17.5	-86.0	7	1	1
17.5	-85.5	7	1	1
17.5	-85.0	7	1	1
18.0	-120.0	3	2	5
18.0	-119.5	3	2	5
18.0	-119.0	3	2	5
18.0	-118.5	1	2	5
18.0	-118.0	4	2	5
18.0	-117.5	4	2	5
18.0	-117.0	4	2	5
18.0	-116.5	4	2	5
18.0	-116.0	4	2	5
18.0	-115.5	4	2	5
18.0	-115.0	3	2	5
18.0	-114.5	4	2	5
18.0	-114.0	4	2	5
18.0	-113.5	4	2	2
18.0	-113.0	4	2	2
18.0	-112.5	1	2	2
18.0	-112.0	1	2	2
18.0	-111.5	1	2	2
18.0	-111.0	1	2	2
18.0	-110.5	1	2	5
18.0	-110.0	1	2	5
18.0	-109.5	1	2	5
18.0	-109.0	1	2	5
18.0	-108.5	1	2	5
18.0	-108.0	1	2	5
18.0	-107.5	1	2	5
18.0	-107.0	1	2	1
18.0	-106.5	1	2	1
18.0	-106.0	1	2	1
18.0	-105.5	1	2	5
18.0	-105.0	1	2	5
18.0	-104.5	1	1	5
18.0	-104.0	1	1	5
18.0	-103.5	4	1	5
18.0	-103.0	1	1	5
18.0	-102.5	1	1	5
18.0	-87.5	7	1	1
18.0	-87.0	7	1	1
18.0	-86.5	7	1	1
18.0	-86.0	7	1	1
18.0	-85.5	7	1	1
18.0	-85.0	7	1	1
18.5	-120.0	3	2	5
18.5	-119.5	3	2	5
18.5	-119.0	3	2	5
18.5	-118.5	3	2	5
18.5	-118.0	3	2	5
18.5	-117.5	4	2	5
18.5	-117.0	4	2	5
18.5	-116.5	4	2	5
18.5	-116.0	1	2	5
18.5	-115.5	4	2	2
18.5	-115.0	1	2	2
18.5	-114.5	4	2	2
18.5	-114.0	4	2	2
18.5	-113.5	4	2	2
18.5	-113.0	4	2	2
18.5	-112.5	1	2	2
18.5	-112.0	1	2	2
18.5	-111.5	1	2	2
18.5	-111.0	1	2	2
18.5	-110.5	1	2	5
18.5	-110.0	1	2	5
18.5	-109.5	1	2	5
18.5	-109.0	1	2	5
18.5	-108.5	1	2	5
18.5	-108.0	1	2	5
18.5	-107.5	1	2	5
18.5	-107.0	1	2	5
18.5	-106.5	1	2	1
18.5	-106.0	1	2	5
18.5	-105.5	1	2	5
18.5	-105.0	1	1	5
18.5	-104.5	1	1	5
18.5	-104.0	4	1	5
18.5	-94.5	7	1	4
18.5	-94.0	7	1	1
18.5	-93.5	7	1	4
18.5	-87.5	7	1	1
18.5	-87.0	7	1	1
18.5	-86.5	7	1	1
18.5	-86.0	7	1	1
18.5	-85.5	7	1	1
18.5	-85.0	7	1	1
19.0	-120.0	3	2	5
19.0	-119.5	3	2	5
19.0	-119.0	3	2	5
19.0	-118.5	3	2	5
19.0	-118.0	3	2	5
19.0	-117.5	1	2	5
19.0	-117.0	1	2	5
19.0	-116.5	1	2	2
19.0	-116.0	1	2	2
19.0	-115.5	1	2	2
19.0	-115.0	4	2	2
19.0	-114.5	4	2	2
19.0	-114.0	4	2	2
19.0	-113.5	4	2	2
19.0	-113.0	4	2	2
19.0	-112.5	4	2	2
19.0	-112.0	1	2	2
19.0	-111.5	1	2	2
19.0	-111.0	1	2	2
19.0	-110.5	1	2	5
19.0	-110.0	1	2	5
19.0	-109.5	1	2	2
19.0	-109.0	1	2	2
19.0	-108.5	1	2	5
19.0	-108.0	1	2	5
19.0	-107.5	1	2	5
19.0	-107.0	1	2	5
19.0	-106.5	1	1	5
19.0	-106.0	1	1	5
19.0	-105.5	1	1	5
19.0	-105.0	1	1	5
19.0	-104.5	1	1	5
19.0	-95.5	7	1	1
19.0	-95.0	7	1	1
19.0	-94.5	7	1	1
19.0	-94.0	7	1	1
19.0	-93.5	7	1	4
19.0	-93.0	7	1	4
19.0	-92.5	7	1	4
19.0	-92.0	7	1	4
19.0	-91.5	7	1	4
19.0	-87.5	7	1	1
19.0	-87.0	3	1	1
19.0	-86.5	3	1	1
19.0	-86.0	7	1	1
19.0	-85.5	7	1	1
19.0	-85.0	7	1	1
19.5	-120.0	3	2	5
19.5	-119.5	3	2	5
19.5	-119.0	3	2	5
19.5	-118.5	3	2	5
19.5	-118.0	1	2	5
19.5	-117.5	3	2	5
19.5	-117.0	3	2	5
19.5	-116.5	3	2	2
19.5	-116.0	1	2	2
19.5	-115.5	1	2	2
19.5	-115.0	1	2	2
19.5	-114.5	4	2	2
19.5	-114.0	4	2	2
19.5	-113.5	4	2	2
19.5	-113.0	4	2	2
19.5	-112.5	4	2	2
19.5	-112.0	4	2	2
19.5	-111.5	1	2	2
19.5	-111.0	4	2	5
19.5	-110.5	4	2	5
19.5	-110.0	1	2	2
19.5	-109.5	1	2	2
19.5	-109.0	1	2	2
19.5	-108.5	1	2	2
19.5	-108.0	1	2	5
19.5	-107.5	1	1	5
19.5	-107.0	1	1	5
19.5	-106.5	1	1	5
19.5	-106.0	1	1	5
19.5	-105.5	1	1	5
19.5	-96.0	7	1	4
19.5	-95.5	7	1	1
19.5	-95.0	7	1	1
19.5	-94.5	7	1	1
19.5	-94.0	7	1	4
19.5	-93.5	7	1	4
19.5	-93.0	7	1	4
19.5	-92.5	7	1	4
19.5	-92.0	7	1	4
19.5	-91.5	7	1	4
19.5	-91.0	7	1	4
19.5	-87.0	7	1	1
19.5	-86.5	7	1	1
19.5	-86.0	7	1	1
19.5	-85.5	7	1	1
19.5	-85.0	7	1	1
20.0	-120.0	3	2	5
20.0	-119.5	3	2	5
20.0	-119.0	1	2	5
20.0	-118.5	1	2	5
20.0	-118.0	1	2	5
20.0	-117.5	1	2	5
20.0	-117.0	3	2	2
20.0	-116.5	3	2	2
20.0	-116.0	4	2	2
20.0	-115.5	1	2	2
20.0	-115.0	1	2	2
20.0	-114.5	1	2	2
20.0	-114.0	1	2	2
20.0	-113.5	1	2	2
20.0	-113.0	1	2	2
20.0	-112.5	1	2	2
20.0	-112.0	4	2	2
20.0	-111.5	4	2	2
20.0	-111.0	4	2	5
20.0	-110.5	4	2	5
20.0	-110.0	4	2	2
20.0	-109.5	4	2	2
20.0	-109.0	4	2	2
20.0	-108.5	1	2	2
20.0	-108.0	1	2	5
20.0	-107.5	1	1	5
20.0	-107.0	1	1	5
20.0	-106.5	1	1	5
20.0	-106.0	1	1	5
20.0	-105.5	1	1	5
20.0	-96.5	7	1	4
20.0	-96.0	7	1	1
20.0	-95.5	7	1	1
20.0	-95.0	7	1	4
20.0	-94.5	7	1	4
20.0	-94.0	7	1	4
20.0	-93.5	7	1	4
20.0	-93.0	7	1	4
20.0	-92.5	7	1	4
20.0	-92.0	7	1	4
20.0	-91.5	7	1	4
20.0	-91.0	7	1	4
20.0	-87.0	7	1	4
20.0	-86.5	7	1	1
20.0	-86.0	7	1	1
20.0	-85.5	7	1	1
20.0	-85.0	7	1	1
20.5	-120.0	3	2	5
20.5	-119.5	3	2	5
20.5	-119.0	1	2	5
20.5	-118.5	5	2	5
20.5	-118.0	5	2	5
20.5	-117.5	1	2	2
20.5	-117.0	1	2	2
20.5	-116.5	1	2	2
20.5	-116.0	1	2	2
20.5	-115.5	1	2	2
20.5	-115.0	1	2	2
20.5	-114.5	1	2	2
20.5	-114.0	1	2	2
20.5	-113.5	1	2	2
20.5	-113.0	1	2	2
20.5	-112.5	1	2	2
20.5	-112.0	1	2	2
20.5	-111.5	1	2	2
20.5	-111.0	4	2	2
20.5	-110.5	4	2	2
20.5	-110.0	4	2	2
20.5	-109.5	4	2	2
20.5	-109.0	4	2	2
20.5	-108.5	4	2	5
20.5	-108.0	1	1	5
20.5	-107.5	1	1	5
20.5	-107.0	4	1	5
20.5	-106.5	1	1	5
20.5	-106.0	1	1	5
20.5	-105.5	4	1	5
20.5	-96.5	7	1	1
20.5	-96.0	7	1	1
20.5	-95.5	7	1	1
20.5	-95.0	7	1	4
20.5	-94.5	7	1	4
20.5	-94.0	7	1	4
20.5	-93.5	7	1	4
20.5	-93.0	7	1	4
20.5	-92.5	7	1	4
20.5	-92.0	7	1	4
20.5	-91.5	7	1	4
20.5	-91.0	7	1	4
20.5	-87.0	7	1	4
20.5	-86.5	7	1	4
20.5	-86.0	7	1	4
20.5	-85.5	7	1	4
20.5	-85.0	7	1	1
21.0	-120.0	3	2	3
21.0	-119.5	3	2	3
21.0	-119.0	3	2	3
21.0	-118.5	5	2	2
21.0	-118.0	5	2	2
21.0	-117.5	5	2	2
21.0	-117.0	1	2	2
21.0	-116.5	1	2	2
21.0	-116.0	1	2	2
21.0	-115.5	1	2	2
21.0	-115.0	1	2	2
21.0	-114.5	1	2	2
21.0	-114.0	1	2	2
21.0	-113.5	1	2	2
21.0	-113.0	1	2	2
21.0	-112.5	1	2	2
21.0	-112.0	1	2	2
21.0	-111.5	1	2	2
21.0	-111.0	5	2	2
21.0	-110.5	4	2	2
21.0	-110.0	4	2	2
21.0	-109.5	4	2	2
21.0	-109.0	4	2	2
21.0	-108.5	4	2	2
21.0	-108.0	4	1	5
21.0	-107.5	4	1	5
21.0	-107.0	4	1	5
21.0	-106.5	1	1	5
21.0	-106.0	1	1	2
21.0	-105.5	4	1	2
21.0	-97.0	7	1	4
21.0	-96.5	7	1	1
21.0	-96.0	7	1	1
21.0	-95.5	7	1	1
21.0	-95.0	7	1	1
21.0	-94.5	7	1	1
21.0	-94.0	7	1	1
21.0	-93.5	7	1	1
21.0	-93.0	7	1	4
21.0	-92.5	7	1	4
21.0	-92.0	7	1	4
21.0	-91.5	7	1	4
21.0	-91.0	7	1	4
21.0	-90.5	7	1	4
21.0	-86.5	7	1	4
21.0	-86.0	7	1	4
21.0	-85.5	7	1	4
21.0	-85.0	7	1	4
21.5	-120.0	3	2	3
21.5	-119.5	5	2	3
21.5	-119.0	3	2	3
21.5	-118.5	3	2	2
21.5	-118.0	3	2	2
21.5	-117.5	1	2	2
21.5	-117.0	1	2	2
21.5	-116.5	1	2	2
21.5	-116.0	1	2	2
21.5	-115.5	1	2	2
21.5	-115.0	1	2	2
21.5	-114.5	1	2	2
21.5	-114.0	1	2	2
21.5	-113.5	1	2	2
21.5	-113.0	1	2	2
21.5	-112.5	1	2	2
21.5	-112.0	1	2	2
21.5	-111.5	1	2	2
21.5	-111.0	5	2	2
21.5	-110.5	4	2	2
21.5	-110.0	4	2	2
21.5	-109.5	4	2	2
21.5	-109.0	4	1	2
21.5	-108.5	5	1	2
21.5	-108.0	4	1	5
21.5	-107.5	4	1	5
21.5	-107.0	4	1	5
21.5	-106.5	1	1	5
21.5	-106.0	1	1	2
21.5	-105.5	1	1	2
21.5	-97.5	7	1	4
21.5	-97.0	7	1	4
21.5	-96.5	7	1	1
21.5	-96.0	7	1	1
21.5	-95.5	7	1	1
21.5	-95.0	7	1	1
21.5	-94.5	7	1	1
21.5	-94.0	7	1	1
21.5	-93.5	7	1	1
21.5	-93.0	7	1	1
21.5	-92.5	7	1	1
21.5	-92.0	7	1	4
21.5	-91.5	7	1	4
21.5	-91.0	7	1	4
21.5	-90.5	7	1	4
21.5	-90.0	7	1	4
21.5	-89.5	7	1	4
21.5	-89.0	7	1	4
21.5	-87.5	7	1	4
21.5	-86.5	7	1	4
21.5	-86.0	7	1	4
21.5	-85.5	7	1	4
21.5	-85.0	7	1	4
22.0	-120.0	5	2	3
22.0	-119.5	5	2	3
22.0	-119.0	5	2	3
22.0	-118.5	5	2	3
22.0	-118.0	1	2	2
22.0	-117.5	1	2	2
22.0	-117.0	1	2	2
22.0	-116.5	1	2	2
22.0	-116.0	1	2	2
22.0	-115.5	1	2	2
22.0	-115.0	1	2	2
22.0	-114.5	1	2	2
22.0	-114.0	1	2	2
22.0	-113.5	1	2	2
22.0	-113.0	1	2	2
22.0	-112.5	1	2	2
22.0	-112.0	1	2	2
22.0	-111.5	5	2	2
22.0	-111.0	5	2	2
22.0	-110.5	4	2	2
22.0	-110.0	4	2	2
22.0	-109.5	5	2	2
22.0	-109.0	5	1	2
22.0	-108.5	5	1	2
22.0	-108.0	4	1	5
22.0	-107.5	4	1	5
22.0	-107.0	5	1	5
22.0	-106.5	5	1	2
22.0	-106.0	1	1	2
22.0	-97.5	7	1	4
22.0	-97.0	7	1	1
22.0	-96.5	7	1	1
22.0	-96.0	7	1	1
22.0	-95.5	7	1	1
22.0	-95.0	7	1	1
22.0	-94.5	7	1	1
22.0	-94.0	7	1	1
22.0	-93.5	7	1	1
22.0	-93.0	7	1	1
22.0	-92.5	7	1	1
22.0	-92.0	7	1	1
22.0	-91.5	7	1	4
22.0	-91.0	7	1	4
22.0	-90.5	7	1	4
22.0	-90.0	7	1	4
22.0	-89.5	7	1	4
22.0	-89.0	7	1	4
22.0	-88.5	7	1	4
22.0	-88.0	7	1	4
22.0	-87.5	7	1	4
22.0	-87.0	7	1	4
22.0	-86.5	7	1	4
22.0	-86.0	7	1	4
22.0	-85.5	7	1	4
22.0	-85.0	7	1	4
22.5	-120.0	5	2	3
22.5	-119.5	5	2	3
22.5	-119.0	5	2	3
22.5	-118.5	5	2	3
22.5	-118.0	5	2	3
22.5	-117.5	1	2	2
22.5	-117.0	1	2	2
22.5	-116.5	5	2	2
22.5	-116.0	5	2	2
22.5	-115.5	1	2	2
22.5	-115.0	5	2	2
22.5	-114.5	1	2	2
22.5	-114.0	5	2	2
22.5	-113.5	1	2	2
22.5	-113.0	1	2	2
22.5	-112.5	1	2	2
22.5	-112.0	5	2	2
22.5	-111.5	5	2	2
22.5	-111.0	5	2	2
22.5	-110.5	4	2	2
22.5	-110.0	5	2	2
22.5	-109.5	1	1	2
22.5	-109.0	5	1	2
22.5	-108.5	5	1	2
22.5	-108.0	5	1	5
22.5	-107.5	1	1	5
22.5	-107.0	5	1	2
22.5	-106.5	1	1	2
22.5	-106.0	1	1	2
22.5	-97.5	7	1	1
22.5	-97.0	7	1	1
22.5	-96.5	7	1	1
22.5	-96.0	7	1	1
22.5	-95.5	7	1	1
22.5	-95.0	7	1	1
22.5	-94.5	7	1	1
22.5	-94.0	7	1	1
22.5	-93.5	7	1	1
22.5	-93.0	7	1	1
22.5	-92.5	7	1	1
22.5	-92.0	7	1	1
22.5	-91.5	7	1	1
22.5	-91.0	7	1	1
22.5	-90.5	7	1	4
22.5	-90.0	7	1	4
22.5	-89.5	7	1	4
22.5	-89.0	7	1	4
22.5	-88.5	7	1	4
22.5	-88.0	7	1	4
22.5	-87.5	7	1	4
22.5	-87.0	7	1	4
22.5	-86.5	7	1	4
22.5	-86.0	7	1	4
22.5	-85.5	7	1	4
22.5	-85.0	7	1	4
23.0	-120.0	5	2	3
23.0	-119.5	5	2	3
23.0	-119.0	5	2	3
23.0	-118.5	5	2	3
23.0	-118.0	5	2	3
23.0	-117.5	5	2	3
23.0	-117.0	5	2	2
23.0	-116.5	5	2	2
23.0	-116.0	5	2	2
23.0	-115.5	5	2	2
23.0	-115.0	5	2	2
23.0	-114.5	5	2	2
23.0	-114.0	5	2	2
23.0	-113.5	5	2	2
23.0	-113.0	1	2	2
23.0	-112.5	1	2	2
23.0	-112.0	5	2	2
23.0	-111.5	5	2	2
23.0	-111.0	5	2	2
23.0	-110.5	5	1	2
23.0	-109.5	5	1	2
23.0	-109.0	5	1	2
23.0	-108.5	5	1	2
23.0	-108.0	1	1	2
23.0	-107.5	1	1	2
23.0	-107.0	1	1	2
23.0	-106.5	1	1	2
23.0	-97.5	7	1	1
23.0	-97.0	7	1	1
23.0	-96.5	7	1	1
23.0	-96.0	7	1	1
23.0	-95.5	7	1	1
23.0	-95.0	7	1	1
23.0	-94.5	7	1	1
23.0	-94.0	7	1	1
23.0	-93.5	7	1	1
23.0	-93.0	7	1	1
23.0	-92.5	7	1	1
23.0	-92.0	7	1	1
23.0	-91.5	7	1	4
23.0	-91.0	7	1	4
23.0	-90.5	7	1	4
23.0	-90.0	7	1	4
23.0	-89.5	7	1	4
23.0	-89.0	7	1	4
23.0	-88.5	7	1	4
23.0	-88.0	7	1	4
23.0	-87.5	7	1	4
23.0	-87.0	7	1	4
23.0	-86.5	7	1	4
23.0	-86.0	7	1	4
23.0	-85.5	7	1	4
23.0	-85.0	7	1	4
23.5	-120.0	5	2	3
23.5	-119.5	5	2	3
23.5	-119.0	5	2	3
23.5	-118.5	5	2	3
23.5	-118.0	5	2	3
23.5	-117.5	5	2	3
23.5	-117.0	5	2	3
23.5	-116.5	5	2	3
23.5	-116.0	5	2	3
23.5	-115.5	5	2	3
23.5	-115.0	5	2	2
23.5	-114.5	5	2	2
23.5	-114.0	5	2	2
23.5	-113.5	1	2	2
23.5	-113.0	1	2	2
23.5	-112.5	5	2	2
23.5	-112.0	5	2	2
23.5	-111.5	5	2	2
23.5	-111.0	5	2	2
23.5	-110.5	5	1	2
23.5	-109.0	5	1	2
23.5	-108.5	5	1	2
23.5	-108.0	5	1	2
23.5	-107.5	1	1	2
23.5	-107.0	5	1	2
23.5	-97.5	7	1	1
23.5	-97.0	7	1	1
23.5	-96.5	7	1	1
23.5	-96.0	7	1	1
23.5	-95.5	7	1	1
23.5	-95.0	7	1	1
23.5	-94.5	7	1	1
23.5	-94.0	7	1	1
23.5	-93.5	7	1	1
23.5	-93.0	7	1	1
23.5	-92.5	7	1	4
23.5	-92.0	7	1	4
23.5	-91.5	7	1	4
23.5	-91.0	7	1	4
23.5	-90.5	7	1	4
23.5	-90.0	7	1	4
23.5	-89.5	7	1	4
23.5	-89.0	7	1	4
23.5	-88.5	7	1	4
23.5	-88.0	7	1	4
23.5	-87.5	7	1	4
23.5	-87.0	7	1	4
23.5	-86.5	7	1	4
23.5	-86.0	7	1	4
23.5	-85.5	7	1	4
23.5	-85.0	7	1	4
24.0	-120.0	5	2	3
24.0	-119.5	5	2	3
24.0	-119.0	5	2	3
24.0	-118.5	5	2	3
24.0	-118.0	5	2	3
24.0	-117.5	5	2	3
24.0	-117.0	5	2	3
24.0	-116.5	5	2	3
24.0	-116.0	5	2	3
24.0	-115.5	5	2	3
24.0	-115.0	5	2	3
24.0	-114.5	5	2	2
24.0	-114.0	5	2	2
24.0	-113.5	5	2	2
24.0	-113.0	1	2	2
24.0	-112.5	5	2	2
24.0	-112.0	5	2	2
24.0	-111.5	5	2	2
24.0	-111.0	1	2	2
24.0	-109.5	5	2	2
24.0	-109.0	5	2	2
24.0	-108.5	5	1	2
24.0	-108.0	5	1	2
24.0	-107.5	1	1	2
24.0	-97.5	7	1	4
24.0	-97.0	7	1	1
24.0	-96.5	7	1	1
24.0	-96.0	7	1	1
24.0	-95.5	7	1	1
24.0	-95.0	7	1	1
24.0	-94.5	7	1	4
24.0	-94.0	7	1	4
24.0	-93.5	7	1	4
24.0	-93.0	7	1	4
24.0	-92.5	7	1	4
24.0	-92.0	7	1	4
24.0	-91.5	7	1	4
24.0	-91.0	7	1	4
24.0	-90.5	7	1	4
24.0	-90.0	7	1	4
24.0	-89.5	7	1	4
24.0	-89.0	7	1	4
24.0	-88.5	7	1	4
24.0	-88.0	7	1	4
24.0	-87.5	7	1	4
24.0	-87.0	7	1	4
24.0	-86.5	7	1	4
24.0	-86.0	7	1	4
24.0	-85.5	7	1	4
24.0	-85.0	7	1	4
24.5	-120.0	5	2	3
24.5	-119.5	5	2	3
24.5	-119.0	5	2	3
24.5	-118.5	5	2	3
24.5	-118.0	5	2	3
24.5	-117.5	5	2	3
24.5	-117.0	5	2	3
24.5	-116.5	5	2	3
24.5	-116.0	5	2	3
24.5	-115.5	5	2	3
24.5	-115.0	5	2	3
24.5	-114.5	5	2	3
24.5	-114.0	5	2	2
24.5	-113.5	5	2	2
24.5	-113.0	5	2	2
24.5	-112.5	5	2	2
24.5	-112.0	5	2	2
24.5	-110.5	5	2	2
24.5	-110.0	5	2	2
24.5	-109.5	5	2	2
24.5	-109.0	5	1	2
24.5	-108.5	5	1	2
24.5	-108.0	5	1	2
24.5	-97.5	7	1	4
24.5	-97.0	7	1	4
24.5	-96.5	7	1	4
24.5	-96.0	7	1	4
24.5	-95.5	7	1	4
24.5	-95.0	7	1	4
24.5	-94.5	7	1	4
24.5	-94.0	7	1	4
24.5	-93.5	7	1	4
24.5	-93.0	7	1	4
24.5	-92.5	7	1	4
24.5	-92.0	7	1	4
24.5	-91.5	7	1	4
24.5	-91.0	7	1	4
24.5	-90.5	7	1	4
24.5	-90.0	7	1	4
24.5	-89.5	7	1	4
24.5	-89.0	7	1	4
24.5	-88.5	7	1	4
24.5	-88.0	7	1	4
24.5	-87.5	7	1	4
24.5	-87.0	7	1	4
24.5	-86.5	7	1	4
24.5	-86.0	7	1	4
24.5	-85.5	7	1	4
24.5	-85.0	7	1	4
25.0	-120.0	5	2	3
25.0	-119.5	5	2	3
25.0	-119.0	5	2	3
25.0	-118.5	5	2	3
25.0	-118.0	5	2	3
25.0	-117.5	5	2	3
25.0	-117.0	5	2	3
25.0	-116.5	5	2	3
25.0	-116.0	5	2	3
25.0	-115.5	5	2	3
25.0	-115.0	5	2	3
25.0	-114.5	5	2	3
25.0	-114.0	5	2	3
25.0	-113.5	5	2	2
25.0	-113.0	5	2	2
25.0	-112.5	5	2	2
25.0	-110.5	5	2	3
25.0	-110.0	5	2	2
25.0	-109.5	5	2	2
25.0	-109.0	5	2	2
25.0	-108.5	5	2	2
25.0	-97.5	7	1	4
25.0	-97.0	7	1	4
25.0	-96.5	7	1	4
25.0	-96.0	7	1	4
25.0	-95.5	7	1	4
25.0	-95.0	7	1	4
25.0	-94.5	7	1	4
25.0	-94.0	7	1	4
25.0	-93.5	7	1	4
25.0	-93.0	7	1	4
25.0	-92.5	7	1	4
25.0	-92.0	7	1	4
25.0	-91.5	7	1	4
25.0	-91.0	7	1	4
25.0	-90.5	7	1	4
25.0	-90.0	7	1	4
25.0	-89.5	7	1	4
25.0	-89.0	7	1	4
25.0	-88.5	7	1	4
25.0	-88.0	7	1	4
25.0	-87.5	7	1	4
25.0	-87.0	7	1	4
25.0	-86.5	7	1	4
25.0	-86.0	7	1	4
25.0	-85.5	7	1	4
25.0	-85.0	7	1	4
25.5	-120.0	5	2	3
25.5	-119.5	5	2	3
25.5	-119.0	5	2	3
25.5	-118.5	5	2	3
25.5	-118.0	5	2	3
25.5	-117.5	5	2	3
25.5	-117.0	5	2	3
25.5	-116.5	5	2	3
25.5	-116.0	5	2	3
25.5	-115.5	5	2	3
25.5	-115.0	5	2	3
25.5	-114.5	5	2	3
25.5	-114.0	5	2	3
25.5	-113.5	5	2	3
25.5	-113.0	5	2	3
25.5	-112.5	5	2	2
25.5	-111.0	5	2	2
25.5	-110.5	5	2	2
25.5	-110.0	5	2	2
25.5	-109.5	5	2	2
25.5	-97.0	7	1	4
25.5	-96.5	7	1	4
25.5	-96.0	7	1	4
25.5	-95.5	7	1	4
25.5	-95.0	7	1	4
25.5	-94.5	7	1	4
25.5	-94.0	7	1	4
25.5	-93.5	7	1	4
25.5	-93.0	7	1	4
25.5	-92.5	7	1	4
25.5	-92.0	7	1	4
25.5	-91.5	7	1	4
25.5	-91.0	7	1	4
25.5	-90.5	7	1	4
25.5	-90.0	7	1	4
25.5	-89.5	7	1	4
25.5	-89.0	7	1	4
25.5	-88.5	7	1	4
25.5	-88.0	7	1	4
25.5	-87.5	7	1	4
25.5	-87.0	7	1	4
25.5	-86.5	7	1	4
25.5	-86.0	7	1	4
25.5	-85.5	7	1	4
25.5	-85.0	7	1	4
26.0	-120.0	5	2	3
26.0	-119.5	5	2	3
26.0	-119.0	5	2	3
26.0	-118.5	5	2	3
26.0	-118.0	5	2	3
26.0	-117.5	5	2	3
26.0	-117.0	5	2	3
26.0	-116.5	5	2	3
26.0	-116.0	5	2	3
26.0	-115.5	5	2	3
26.0	-115.0	5	2	3
26.0	-114.5	5	2	3
26.0	-114.0	5	2	3
26.0	-113.5	5	2	3
26.0	-113.0	5	1	3
26.0	-112.5	5	2	3
26.0	-111.0	5	2	2
26.0	-110.5	5	2	2
26.0	-110.0	5	2	2
26.0	-109.5	5	2	2
26.0	-97.0	7	1	4
26.0	-96.5	7	1	4
26.0	-96.0	7	1	4
26.0	-95.5	7	1	4
26.0	-95.0	7	1	4
26.0	-94.5	7	1	4
26.0	-94.0	7	1	4
26.0	-93.5	7	1	4
26.0	-93.0	7	1	4
26.0	-92.5	7	1	4
26.0	-92.0	7	1	4
26.0	-91.5	7	1	4
26.0	-91.0	7	1	4
26.0	-90.5	7	1	4
26.0	-90.0	7	1	4
26.0	-89.5	7	1	4
26.0	-89.0	7	1	4
26.0	-88.5	7	1	4
26.0	-88.0	7	1	4
26.0	-87.5	7	1	4
26.0	-87.0	7	1	4
26.0	-86.5	7	1	4
26.0	-86.0	7	1	4
26.0	-85.5	7	1	4
26.0	-85.0	7	1	4
26.5	-120.0	5	2	3
26.5	-119.5	5	2	3
26.5	-119.0	5	2	3
26.5	-118.5	5	2	3
26.5	-118.0	5	2	3
26.5	-117.5	5	2	3
26.5	-117.0	5	2	3
26.5	-116.5	5	2	3
26.5	-116.0	5	2	3
26.5	-115.5	5	2	3
26.5	-115.0	5	2	3
26.5	-114.5	5	2	3
26.5	-114.0	5	2	3
26.5	-113.5	5	1	3
26.5	-113.0	5	1	3
26.5	-111.0	5	2	2
26.5	-110.5	5	2	2
26.5	-110.0	5	2	2
26.5	-109.5	5	2	2
26.5	-97.0	7	1	4
26.5	-96.5	7	1	4
26.5	-96.0	7	1	4
26.5	-95.5	7	1	4
26.5	-95.0	7	1	4
26.5	-94.5	7	1	4
26.5	-94.0	7	1	4
26.5	-93.5	7	1	4
26.5	-93.0	7	1	4
26.5	-92.5	7	1	4
26.5	-92.0	7	1	4
26.5	-91.5	7	1	4
26.5	-91.0	7	1	4
26.5	-90.5	7	1	4
26.5	-90.0	7	1	4
26.5	-89.5	7	1	4
26.5	-89.0	7	1	4
26.5	-88.5	7	1	4
26.5	-88.0	7	1	4
26.5	-87.5	7	1	4
26.5	-87.0	7	1	4
26.5	-86.5	7	1	4
26.5	-86.0	7	1	4
26.5	-85.5	7	1	4
26.5	-85.0	7	1	4
27.0	-120.0	5	2	3
27.0	-119.5	5	2	3
27.0	-119.0	5	2	3
27.0	-118.5	5	2	3
27.0	-118.0	5	2	3
27.0	-117.5	5	2	3
27.0	-117.0	5	2	3
27.0	-116.5	5	2	3
27.0	-116.0	5	2	3
27.0	-115.5	5	2	3
27.0	-115.0	5	2	3
27.0	-114.5	5	2	3
27.0	-111.5	5	2	2
27.0	-111.0	5	2	2
27.0	-110.5	5	2	2
27.0	-110.0	5	2	2
27.0	-97.0	7	1	4
27.0	-96.5	7	1	4
27.0	-96.0	7	1	4
27.0	-95.5	7	1	4
27.0	-95.0	7	1	4
27.0	-94.5	7	1	4
27.0	-94.0	7	1	4
27.0	-93.5	7	1	4
27.0	-93.0	7	1	4
27.0	-92.5	7	1	4
27.0	-92.0	7	1	4
27.0	-91.5	7	1	4
27.0	-91.0	7	1	4
27.0	-90.5	7	1	4
27.0	-90.0	7	1	4
27.0	-89.5	7	1	4
27.0	-89.0	7	1	4
27.0	-88.5	7	1	4
27.0	-88.0	7	1	4
27.0	-87.5	7	1	4
27.0	-87.0	7	1	4
27.0	-86.5	7	1	4
27.0	-86.0	7	1	4
27.0	-85.5	7	1	4
27.0	-85.0	7	1	4
27.5	-120.0	5	2	3
27.5	-119.5	5	2	3
27.5	-119.0	5	2	3
27.5	-118.5	5	2	3
27.5	-118.0	5	2	3
27.5	-117.5	5	2	3
27.5	-117.0	5	2	3
27.5	-116.5	5	2	3
27.5	-116.0	5	2	3
27.5	-115.5	5	2	3
27.5	-115.0	5	2	3
27.5	-112.0	5	2	2
27.5	-111.5	5	2	2
27.5	-111.0	5	2	2
27.5	-97.0	7	1	4
27.5	-96.5	7	1	4
27.5	-96.0	7	1	4
27.5	-95.5	7	1	4
27.5	-95.0	7	1	4
27.5	-94.5	7	1	4
27.5	-94.0	7	1	4
27.5	-93.5	7	1	4
27.5	-93.0	7	1	4
27.5	-92.5	7	1	4
27.5	-92.0	7	1	4
27.5	-91.5	7	1	4
27.5	-91.0	7	1	4
27.5	-90.5	7	1	4
27.5	-90.0	7	1	4
27.5	-89.5	7	1	4
27.5	-89.0	7	1	4
27.5	-88.5	7	1	4
27.5	-88.0	7	1	4
27.5	-87.5	7	1	4
27.5	-87.0	7	1	4
27.5	-86.5	7	1	4
27.5	-86.0	7	1	4
27.5	-85.5	7	1	4
27.5	-85.0	7	1	4
28.0	-120.0	6	2	3
28.0	-119.5	6	2	3
28.0	-119.0	5	2	3
28.0	-118.5	5	2	3
28.0	-118.0	5	2	3
28.0	-117.5	5	2	3
28.0	-117.0	5	2	3
28.0	-116.5	5	2	3
28.0	-116.0	5	2	3
28.0	-115.5	5	2	3
28.0	-115.0	5	2	3
28.0	-114.5	5	2	3
28.0	-112.5	5	2	2
28.0	-112.0	5	2	2
28.0	-111.5	5	2	2
28.0	-96.5	7	1	4
28.0	-96.0	7	1	4
28.0	-95.5	7	1	4
28.0	-95.0	7	1	4
28.0	-94.5	7	1	4
28.0	-94.0	7	1	4
28.0	-93.5	7	1	4
28.0	-93.0	7	1	4
28.0	-92.5	7	1	4
28.0	-92.0	7	1	4
28.0	-91.5	7	1	4
28.0	-91.0	7	1	4
28.0	-90.5	7	1	4
28.0	-90.0	7	1	4
28.0	-89.5	7	1	4
28.0	-89.0	7	1	4
28.0	-88.5	7	1	4
28.0	-88.0	7	1	4
28.0	-87.5	7	1	4
28.0	-87.0	7	1	4
28.0	-86.5	7	1	4
28.0	-86.0	7	1	4
28.0	-85.5	7	1	4
28.0	-85.0	7	1	4
28.5	-120.0	6	2	3
28.5	-119.5	6	2	3
28.5	-119.0	6	2	3
28.5	-118.5	5	2	3
28.5	-118.0	5	2	3
28.5	-117.5	5	2	3
28.5	-117.0	5	2	3
28.5	-116.5	5	2	3
28.5	-116.0	5	2	3
28.5	-115.5	5	2	3
28.5	-115.0	5	2	3
28.5	-114.5	5	2	3
28.5	-113.0	5	2	3
28.5	-112.5	5	2	2
28.5	-112.0	5	2	2
28.5	-96.0	7	1	4
28.5	-95.5	7	1	4
28.5	-95.0	7	1	4
28.5	-94.5	7	1	4
28.5	-94.0	7	1	4
28.5	-93.5	7	1	4
28.5	-93.0	7	1	4
28.5	-92.5	7	1	4
28.5	-92.0	7	1	4
28.5	-91.5	7	1	4
28.5	-91.0	7	1	4
28.5	-90.5	7	1	4
28.5	-90.0	7	1	4
28.5	-89.5	7	1	4
28.5	-89.0	7	1	4
28.5	-88.5	7	1	4
28.5	-88.0	7	1	4
28.5	-87.5	7	1	4
28.5	-87.0	7	1	4
28.5	-86.5	7	1	4
28.5	-86.0	7	1	4
28.5	-85.5	7	1	4
28.5	-85.0	7	1	4
29.0	-120.0	6	2	3
29.0	-119.5	6	2	3
29.0	-119.0	6	2	3
29.0	-118.5	6	2	3
29.0	-118.0	5	2	3
29.0	-117.5	5	2	3
29.0	-117.0	5	2	3
29.0	-116.5	5	2	3
29.0	-116.0	5	2	3
29.0	-115.5	5	2	3
29.0	-115.0	5	2	3
29.0	-113.0	5	2	3
29.0	-94.5	7	1	4
29.0	-94.0	7	1	4
29.0	-93.5	7	1	4
29.0	-93.0	7	1	4
29.0	-92.5	7	1	4
29.0	-92.0	7	1	4
29.0	-91.5	7	1	4
29.0	-91.0	7	1	4
29.0	-90.5	7	1	4
29.0	-90.0	7	1	4
29.0	-89.5	7	1	4
29.0	-89.0	7	1	4
29.0	-88.5	7	1	4
29.0	-88.0	7	1	4
29.0	-87.5	7	1	4
29.0	-87.0	7	1	4
29.0	-86.5	7	1	4
29.0	-86.0	7	1	4
29.0	-85.5	7	1	4
29.0	-85.0	7	1	4
29.5	-120.0	6	2	3
29.5	-119.5	6	2	3
29.5	-119.0	6	2	3
29.5	-118.5	6	2	3
29.5	-118.0	6	2	3
29.5	-117.5	5	2	3
29.5	-117.0	5	2	3
29.5	-116.5	5	2	3
29.5	-116.0	5	2	3
29.5	-115.5	5	2	3
29.5	-113.0	5	2	3
29.5	-112.5	5	2	3
29.5	-94.0	7	1	4
29.5	-93.5	7	1	4
29.5	-93.0	7	1	4
29.5	-92.5	7	1	4
29.5	-92.0	7	1	4
29.5	-89.0	7	1	4
29.5	-88.5	7	1	4
29.5	-88.0	7	1	4
29.5	-87.5	7	1	4
29.5	-87.0	7	1	4
29.5	-86.5	7	1	4
29.5	-86.0	7	1	4
29.5	-85.5	7	1	4
29.5	-85.0	7	1	4
30.0	-120.0	6	2	3
30.0	-119.5	6	2	3
30.0	-119.0	6	2	3
30.0	-118.5	6	2	3
30.0	-118.0	6	2	3
30.0	-117.5	5	2	3
30.0	-117.0	5	2	3
30.0	-116.5	5	2	3
30.0	-116.0	5	2	3
30.0	-114.0	5	2	3
30.0	-113.5	5	2	3
30.0	-113.0	5	2	3
30.0	-89.0	7	1	4
30.0	-88.5	7	1	4
30.0	-88.0	7	1	4
30.0	-87.5	7	1	4
30.0	-87.0	7	1	4
30.0	-86.5	7	1	4
30.0	-86.0	7	1	4
30.5	-120.0	6	2	3
30.5	-119.5	6	2	3
30.5	-119.0	6	2	3
30.5	-118.5	6	2	3
30.5	-118.0	6	2	3
30.5	-117.5	6	2	3
30.5	-117.0	6	2	3
30.5	-116.5	5	2	3
30.5	-114.5	5	2	3
30.5	-114.0	5	2	3
30.5	-113.5	5	2	3
30.5	-113.0	5	2	3
31.0	-120.0	6	2	3
31.0	-119.5	6	2	3
31.0	-119.0	6	2	3
31.0	-118.5	6	2	3
31.0	-118.0	6	2	3
31.0	-117.5	6	2	3
31.0	-117.0	6	2	3
31.0	-116.5	5	2	3
31.0	-114.5	5	2	3
31.0	-114.0	5	2	3
31.0	-113.5	5	2	3
31.5	-120.0	6	2	3
31.5	-119.5	6	2	3
31.5	-119.0	6	2	3
31.5	-118.5	6	2	3
31.5	-118.0	6	2	3
31.5	-117.5	6	2	3
31.5	-117.0	6	2	3
31.5	-114.5	5	2	3
32.0	-120.0	6	2	3
32.0	-119.5	6	2	3
32.0	-119.0	6	2	3
32.0	-118.5	6	2	3
32.0	-118.0	6	2	3
32.0	-117.5	6	2	3
32.0	-117.0	5	2	3
32.5	-120.0	6	2	3
32.5	-119.5	6	2	3
32.5	-119.0	6	2	3
32.5	-118.5	6	2	3
32.5	-118.0	6	2	3
32.5	-117.5	5	2	3
33.0	-120.0	6	2	3
33.0	-119.5	6	2	3
33.0	-119.0	5	2	3
33.0	-118.5	5	2	3
33.0	-118.0	5	2	3
33.0	-117.5	6	2	3
